2262
2263
2263
2278
2278
2293
2293
2309
2309
2309
2324
2325
2340
2340
2356
2341
2356
2387
2402
2418
2418
2434
2434
2449
2465
2465
2480
2496
2496
2481
2481
2497
2497
2497
2497
2497
2512
2512
2512
2543
2528
2543
2558
2543
2543
2543
2543
2543
2543
2558
2559
2574
2559
2559
2590
2575
2575
2575
2575
2575
2575
2605
2590
2590
2590
2590
2590
2605
2590
2590
2590
2605
2606
2606
2621
2621
2621
2652
2652
2637
2653
2653
2683
2683
2668
2668
2684
2684
2684
2684
2699
2714
2714
2683
2699
2714
2730
2715
2715
2715
2746
2731
2746
2762
2762
2761
2792
2761
2777
2777
2777
2793
2777
2793
2808
2793
2793
2824
2839
2839
2839
2839
2855
2902
2902
2902
2902
2917
2933
2949
2949
2964
2964
2964
2964
2980
3026
3011
3026
3011
3011
3011
3042
3089
3105
3136
3136
3151
3135
3151
3135
3167
3167
3167
3183
3167
3183
3167
3182
3198
3198
3198
3214
3245
3230
3229
3213
3229
3229
3229
3229
3245
3245
3245
3245
3276
3292
3292
3292
3323
3307
3354
3338
3354
3354
3370
3385
3385
3401
3416
3432
3541
3697
3900
3900
3791
3931
3947
3947
3962
3962
3791
3978
3978
3994
3978
3994
4056
4071
4087
4088
4118
4103
4119
4134
3978
4118
4134
4134
4165
4134
4150
4166
4196
4165
4165
4181
4181
4196
4196
4196
4212
4212
4228
4228
4228
4243
4274
4259
4290
4274
4290
4321
4368
4352
4384
4368
4368
4368
4384
4384
4399
4399
4415
4415
4415
4415
4430
4430
4446
4446
4446
4447
4462
4477
4477
4478
4493
4508
4508
4524
4509
4525
4525
4540
4540
4556
4571
4586
4571
2386
4587
4618
4633
2199
4633
4633
4634
2418
4664
4665
2480
2216
4696
4711
4711
2480
2293
4712
2215
2309
4712
2512
4712
2200
4712
4727
4727
2324
2558
2262
4743
2496
4774
4759
2184
2262
2543
2278
4805
2542
2262
2496
2652
2605
2387
2543
2668
2418
2371
2246
2293
2293
2480
2262
2683
2450
2621
2371
2277
2761
2527
1794
2309
2481
2402
2433
2511
2620
2512
2574
2558
2636
2730
2465
2496
2730
2621
2481
2512
2574
2590
2372
2450
2433
2496
2559
2527
2637
2668
1887
2496
2714
2433
2542
2777
2434
2434
2637
2559
2559
2574
2433
2403
2590
2387
2496
2620
2496
2636
2543
2605
2418
2652
2684
2434
2418
2247
2792
2574
2574
2637
2465
2309
2293
2278
2434
2590
2450
2387
2465
2652
2730
2449
2403
2559
2278
2761
2605
2652
2808
2387
2824
2606
2621
2528
2480
2387
2433
2636
2387
2434
2559
2621
2449
2418
2699
2699
2340
2293
2480
2480
2621
2840
2465
2465
2418
2450
2418
2418
2480
2542
2543
2496
2527
2589
2527
2558
2574
2590
2855
2995
2668
5492
2699
5601
5834
5897
5959
5975
5788
5960
5663
5710
5975
5679
2793
5991
6006
6006
5928
6006
6006
6022
6053
6038
6022
6022
6084
6022
6022
6022
6038
6038
6069
5991
6053
6115
6162
5975
5944
6209
6178
6194
6224
6256
6272
6271
6287
6068
6350
6443
6365
6381
6397
6396
6396
6380
6380
6396
6396
6412
6443
6427
6427
6428
6475
6490
6443
6443
6459
6505
6489
6474
6505
6490
6537
6553
6536
6521
6552
6583
6552
6552
6583
6568
6568
6584
6615
6584
6584
6584
6614
6599
6615
6662
6630
6630
6661
6646
6661
6662
6662
6662
6677
6708
6677
6693
6708
6708
6724
6724
6724
6724
6740
6740
6755
6771
6786
6786
6786
6786
6802
6802
6818
4446
6818
6849
6849
6864
6880
6896
6896
6896
6896
6896
6896
6911
6911
6911
6911
6927
6911
6942
6942
6942
6942
6974
6958
6974
6974
6973
6973
6989
6973
6989
7005
6989
7005
7020
7004
7004
7004
7004
7036
7036
7036
7036
7036
7036
4212
7036
7036
7036
7052
7036
7051
7067
7051
7051
7083
7067
7067
7082
7098
7082
7098
7082
7098
7082
7082
7082
7114
7114
7114
7114
7114
7114
7114
7114
7114
7129
7145
7130
7145
7130
7145
7130
7145
7160
7160
7160
7160
7176
7160
7145
7160
7176
7192
7161
7177
7192
7192
7192
7192
7207
7192
7208
7223
7208
7238
7223
7223
7238
7270
7270
7255
7270
7255
7270
7270
7270
7286
7286
7301
7286
7286
7316
7301
7301
7301
7317
7332
7333
7333
7348
7348
7348
7348
7348
7364
7364
7364
7379
7364
7364
7379
7395
7395
7395
7426
7411
7411
7411
7411
7411
7411
7426
7426
7426
7426
7426
7426
7442
7442
7442
7442
7442
7457
7473
7489
7473
7489
7489
7489
7488
7504
7488
7504
7520
7504
7504
7504
7520
7535
7519
7519
7535
7551
7551
7551
7551
7535
7551
7567
7567
7566
7582
7582
7598
7582
7598
7613
7597
7597
7597
7597
7597
7613
7629
7629
7629
7613
7629
7645
7629
7629
7629
7645
7629
7629
7629
7645
7644
7644
7644
7660
7644
7660
7676
7675
7675
7707
7707
7691
7675
7707
7691
7691
7707
7707
7723
7707
7707
7722
7722
7722
7738
7754
7753
7753
7753
7769
7785
7769
7785
7785
7800
4009
7800
7784
7800
7800
7816
7816
7815
7831
7831
7847
7878
7894
7878
7894
7940
7940
7971
7971
7972
7987
7987
8019
8019
8019
8034
8034
8034
8065
8050
8066
8066
8081
8096
8112
8097
8097
8112
8112
8112
8128
8128
8128
8128
8143
8144
8144
8159
8128
8159
8159
8175
8175
8175
8159
8175
8206
8206
8190
8190
8206
8206
8222
8237
8252
8237
8237
8222
8253
8253
8253
8222
8268
8268
8268
8268
8283
8284
8268
8300
8300
8315
8315
8315
8268
8268
8252
8284
8284
8299
8346
8299
8362
8362
8346
8315
8331
8315
8378
8315
8346
8362
8393
8393
8393
8346
8378
8408
8393
8377
8377
8393
8408
8377
8393
8424
8393
8424
8424
8409
8440
8393
8409
8440
8455
8424
8424
8440
8456
8440
8456
8424
8471
8424
8471
8439
8455
8455
8502
8455
8471
8503
8487
8518
8486
8502
8502
8502
8518
8502
8549
8518
8502
8502
8533
8517
8533
8533
8549
8565
8549
8549
8549
8564
8564
8564
8564
8580
8580
8611
8595
8611
8595
8595
8595
8611
8611
8643
8627
8627
8627
8612
8643
8627
8627
8642
8658
8642
8642
8658
8658
8658
8674
8658
8673
8673
8673
8658
8673
8673
8673
8689
8674
8689
8689
8690
8705
8705
8705
8705
8720
8721
8736
8736
8736
8736
8751
8752
8752
8767
8752
8767
8783
8783
8752
8783
8783
8783
8783
8783
8798
8814
8799
8814
8814
8829
8814
8814
8829
8830
8830
8830
8830
8845
8861
8830
8939
8846
8830
8846
8861
8876
8861
8861
8861
8861
8877
8892
8892
8892
8908
8908
8908
8908
8924
8924
8924
8924
8924
8939
8939
8939
8939
8954
8955
8970
8970
8970
8970
8986
9033
9048
9188
9064
9080
9049
9064
9111
9110
9126
9126
9142
9157
9173
9173
9173
9173
9204
9204
9204
9220
9204
9220
9236
9220
9220
9235
9235
9235
9235
9251
9266
9266
9266
9282
9313
9313
9313
9313
9251
9345
9329
9329
9344
9344
9344
9344
9344
9360
9360
9360
9360
9360
9360
9360
9376
9376
9391
9391
9391
9391
9407
9407
9407
9407
9407
9391
9422
9422
9422
9438
9438
9454
9454
9454
9454
9454
9469
9469
9469
9469
9470
9485
9500
9500
9500
9500
9485
9516
9516
9501
9501
9532
9532
9548
9517
9517
9532
9532
9532
9548
9548
9563
9548
9578
9579
9594
9594
9595
9610
9610
9610
9610
9610
9625
9625
9625
9641
9641
9656
9641
9672
9672
9672
9673
9688
9673
9704
9673
9703
9688
9688
9703
9704
9704
9704
9704
9704
9704
9719
9719
9719
9719
9719
9719
9735
9735
9735
9735
9735
9750
9751
9751
9751
9766
9766
9766
9766
9766
9782
9782
9782
9797
9797
9813
9813
9813
9813
9829
9844
9844
9860
9860
9860
9875
9875
9875
9875
9875
9875
9859
9891
9891
9891
9875
9891
9907
9891
9891
9907
9922
9922
9922
9922
9906
9922
9938
9938
9938
9922
9937
9953
9953
9969
9953
9969
9969
9969
10093
9953
9953
9969
9969
6911
9985
9969
9969
10000
9984
10000
10000
10016
10016
10000
10000
10031
10015
9999
10047
10047
10031
10015
10015
10047
10031
10047
10062
10109
10078
10062
10094
10094
10093
10124
10093
10093
10125
10125
10140
7176
10156
10156
10171
10187
10187
10187
10218
10218
10202
10218
10218
10233
10233
10265
10234
10249
10249
10265
10249
10249
10249
10265
10265
10265
10265
10265
10265
10281
10265
10265
10280
10280
10280
10280
10296
10296
10312
10296
10296
10296
10296
10312
10296
10311
10327
10327
10327
10343
10343
7317
10343
10358
10358
10358
10358
10374
10374
10374
10389
10389
10389
10405
10405
10405
10421
10421
10406
6599
6802
6599
10437
6615
7520
10421
10436
6786
10436
6786
10452
10452
10452
6864
10452
10467
10452
10452
10468
6786
10483
6505
10483
6568
10499
10499
6396
10499
10484
10514
10499
10514
7597
10499
10515
10545
10530
10530
10546
10546
6911
6677
10546
6396
7457
10624
10562
6443
6724
10577
7597
10577
10592
7659
6645
7004
6614
6802
10593
6849
10593
6427
10593
10608
6411
10608
7690
6396
6396
6864
6973
10608
7644
6786
10624
10639
10640
10640
10655
6677
10655
10655
6739
10671
7769
6599
10671
10686
10686
10686
10779
6567
10702
6630
10702
10702
7036
10718
10718
10733
10718
10718
10718
6584
10718
10733
10733
10733
10748
10748
6489
6973
10748
6911
10748
10748
10748
6645
10748
6755
6911
10764
10764
6895
10764
10764
10764
6505
6911
10764
10764
10764
6552
10764
6864
10764
6880
10764
10764
6583
6849
7098
10779
7098
6988
10779
6692
10779
10779
7066
10779
10779
10780
6630
6833
10780
10780
6677
6880
6724
10795
10795
10780
6490
6880
10811
10796
10796
10796
10796
6615
6927
10796
10796
10796
10796
10811
10796
10811
10811
7769
10811
10811
10811
10811
10811
10811
10811
10811
6786
10811
10811
10811
6505
10811
10826
10826
10827
10827
10827
6599
10827
10827
10827
6552
6677
6583
10827
10827
10827
10827
10827
10827
10827
10827
10827
10827
10827
10827
10827
7020
7285
6598
10858
6724
10842
7207
7644
7769
7909
10873
7831
10873
10873
10873
10873
6817
10873
10873
10873
10889
10889
10889
6755
10889
6490
10889
10889
6521
10904
10904
6786
10889
6458
6474
6817
6708
10889
10904
6770
10889
10889
10889
6552
6443
6412
10920
10920
10920
10935
10920
10920
10920
10920
10920
7971
10920
7909
10920
10920
10920
10920
10920
10920
10920
10920
10920
10920
10936
6599
6677
6646
6490
10952
10952
10952
6615
10952
10952
7941
6505
10983
6708
6615
6599
6552
6583
6568
6552
8065
6552
8081
8065
10998
10998
10998
10998
6505
10998
6567
6349
6536
6333
6334
11029
11029
7098
6521
11029
11029
11014
11014
6692
6724
11029
6490
11029
11014
11014
6474
11014
11014
6693
11030
11030
6334
6458
6536
6474
7987
6443
6536
11045
11045
11045
8143
11045
6380
6396
6630
6615
11061
6599
11076
11076
11076
11076
7176
6349
6349
6380
6427
11091
11076
11076
11076
11092
11092
11092
6380
6536
6490
6474
6474
6458
11092
11092
6724
6396
6692
6661
6661
8034
8143
6396
6630
7145
6396
11107
7160
6506
6396
6521
6459
11123
6552
6536
6396
6365
6505
6489
11138
6708
6692
6630
6411
6599
6459
7332
6692
6458
6490
6630
6459
6459
6568
6520
6568
6552
6599
6568
6567
6552
6568
6583
6630
6677
6724
6958
6957
6973
7051
7083
7113
7285
7566
7644
7629
7691
7706
7706
7706
7722
7769
12714
7909
7878
7862
7862
7909
7925
8002
8018
8034
8018
8158
8221
8470
8502
8392
8455
8455
8486
8580
8611
8674
8658
8767
8720
8767
8783
8751
8829
8783
8876
8861
8861
8907
8907
8970
8986
9048
9079
9095
9110
9157
9173
9235
9251
9267
9376
9438
9407
9391
9470
9532
9438
9500
9610
9423
9562
9438
9548
9453
9703
9531
9469
9563
9531
9765
9594
9704
9765
9656
9766
9641
9531
9610
9516
9765
9672
9688
9703
9735
9734
9688
9719
9718
9844
9828
9766
9859
9843
9812
9828
9906
9875
9952
9921
9968
9953
9906
10031
10046
10093
10093
10016
10016
9999
10000
10155
10171
10155
10218
10000
10015
10078
10015
9999
10250
9937
9937
10249
9937
9953
9953
9984
9937
9953
10171
9952
9922
9906
9937
9984
9968
9953
9891
9891
9922
9891
10109
9875
9984
10093
9953
10062
10031
10343
10234
10093
9968
9953
10000
10124
9922
10109
9984
9984
10203
9984
9984
10203
9999
9953
9968
10046
9984
10000
9953
9968
9968
9968
9968
9984
10328
9969
9984
9984
9922
9953
9953
9937
9937
9953
9921
10202
9953
9874
9875
10109
9875
9968
10140
9859
9859
10078
10062
9875
9859
9921
9921
9859
10030
9999
10108
10031
9953
10062
9953
10156
9906
10234
10140
9953
9984
10156
9828
9875
9828
10046
9953
9937
9828
10093
9875
9828
9859
9968
9828
10186
10155
9921
10108
10031
10312
10234
9984
9922
10031
10016
9844
10109
10094
9938
9813
9953
10124
9953
9999
10031
9891
10047
9891
10109
10093
9891
10015
9968
10031
9922
10140
9922
10047
9922
9828
10046
9812
10031
9953
10031
9859
9922
9781
9984
9828
10062
10000
10062
9781
9859
9890
10062
10125
10094
10031
10140
10015
9984
10109
10046
10171
9781
9969
10000
9984
10342
9984
10077
9890
10093
9781
10156
10202
9968
9812
9875
10062
10062
10218
9750
10031
9984
9906
10437
9937
9953
10015
9828
9874
10015
10077
9937
10046
9937
10109
9797
9813
9750
9969
9921
10046
9890
9968
9781
9921
9843
9953
10109
9797
9890
9874
9859
9968
10374
10015
9766
9766
9750
9844
10046
9890
10109
10109
10000
9766
9766
10327
9859
10109
10031
10155
10030
10046
9875
9859
10249
9968
9922
10047
10047
10031
9922
9937
10015
9750
9781
9968
9984
10078
9875
9719
10030
9812
9921
10140
9906
10000
9984
9906
10047
10125
9828
9953
10031
9750
9906
9921
9890
10031
9703
9937
10047
9953
9625
9999
9937
9952
10187
10015
10000
9922
9547
9906
9922
9938
9922
9719
10000
9922
10140
10000
9890
10031
9843
9999
9999
10047
10000
9859
9906
10000
9828
9953
9859
9968
10078
9906
9875
9626
10280
9703
9906
9921
9906
9735
9828
9922
9641
10031
10030
9906
10015
10077
10000
9688
9875
9657
9719
10047
9969
10031
9797
9672
9625
9657
10015
10218
9891
9984
9844
9859
9797
9672
10046
9813
9672
9672
9672
9672
10171
9672
9734
9734
9672
9688
9672
10047
9765
9781
9781
9688
9813
9672
9687
9781
9703
9890
9735
9875
9626
9719
9625
9672
9937
9688
9875
9922
9625
9999
9812
9609
9703
9718
9656
9781
9812
9610
9844
9626
9813
9610
9922
9656
9641
9953
9609
9657
9781
9828
9812
9656
9625
9968
9781
9766
9719
9766
9657
9657
9625
9890
9765
9750
9813
9688
9796
9734
9656
9906
9797
9922
9641
9922
9750
9891
9657
9719
9922
9782
9953
9641
9719
9750
9999
9734
9781
9594
9750
9781
9874
9890
9937
9594
9640
9844
9828
9844
9875
9594
9781
9937
9843
9625
9890
9688
10015
9719
9859
9859
9672
9626
9813
9687
9859
9641
9813
9843
9906
9625
9906
9765
9812
9641
9859
10015
9610
9844
9844
9844
9875
9750
9750
9890
9750
9890
9843
9719
9813
9625
9594
9875
9781
9828
9844
9579
9797
9750
9640
9578
9952
9734
9766
9594
9844
9782
9953
9688
9735
9735
9704
9875
12308
9921
9594
9891
11310
9703
9640
9781
9859
9906
9610
9688
9750
9594
9859
9719
9735
9594
9735
9875
9672
9687
9656
9625
9765
9859
9563
9750
9657
9937
9922
9875
9703
9657
9641
9765
9828
9766
9828
9906
9844
9797
9968
9734
9719
9610
9750
9548
9735
9953
9548
9890
9953
9781
9875
9984
9501
9875
10468
9703
9422
9999
9874
9672
9578
9735
9844
10125
9750
9859
9531
9781
9454
9781
9672
9719
10062
9469
9423
9968
9391
11980
9781
9391
9500
9750
9547
9547
9922
9813
9922
9891
9828
9625
10000
9859
9922
9843
9641
9423
9609
9703
9625
9906
9438
9750
9531
9516
9687
9656
9672
9797
9516
9454
9485
9657
9641
9485
9485
9516
9579
9641
9719
9516
12043
9625
9609
9625
9500
9672
9594
9625
9547
9766
9922
9657
9610
9500
9641
9532
9735
9501
9641
9500
9781
9656
9547
9640
9843
9532
9797
9984
9688
9656
9531
9531
9719
9688
9641
9703
9531
9547
9750
9532
9594
9626
9516
9516
9531
9531
9594
9766
9703
9641
9562
9718
9516
9640
9516
9750
9640
9516
9719
9500
9500
9500
9500
9750
9688
9563
9859
9765
9610
9516
9796
9656
9531
9579
9719
9547
9531
9516
9750
9578
9516
9563
9594
9844
9828
9438
9750
9625
9828
9765
9516
9594
9828
9750
9501
9454
9750
9641
9453
9594
9657
9844
9438
9718
9594
9578
9484
9734
9656
9797
9547
9656
9672
9641
9470
9719
9735
9704
9454
11934
9454
9453
9797
9656
9687
9485
9469
9563
9485
9750
9750
12309
9516
9500
9469
9781
9734
9562
9453
9563
9750
9547
9719
9610
9672
9703
9750
9501
9688
9485
9610
9485
9734
10062
9734
9672
9781
9563
9844
9703
9641
9704
9563
9594
9719
9657
10000
9735
9547
9438
9750
9734
9547
9344
9718
9672
9454
9656
9407
9360
9719
9407
9782
9360
9563
9360
9375
9656
9594
9734
9656
9687
9625
9500
9750
9375
9657
9703
9407
9594
10062
9703
9579
9734
9687
9406
9812
9454
9500
9719
9407
9563
9766
9626
9813
9688
9500
9438
9422
9469
9423
9672
9719
9422
9687
9734
9422
9563
9500
9656
9423
9485
9672
9704
9516
9579
9485
9610
9516
9407
9438
9719
9688
9516
9797
9407
9656
9422
9547
9578
9968
9469
9547
9454
9610
9532
9438
9485
9438
9453
9562
9656
9438
9438
9500
9672
9438
9579
9594
9454
9641
9548
9578
9500
9453
9453
9641
9625
9688
9547
9657
9766
9641
9594
9640
9640
9781
9656
9656
9641
9672
9594
9672
9579
9594
9703
9718
9734
9656
9672
9610
9610
9610
9657
9719
9719
9766
9688
9641
9625
9625
9625
9625
9921
9625
9640
9688
9657
9657
9719
9641
9641
9766
9656
9703
9656
9766
9704
10000
9719
9704
9781
9750
9844
9719
9781
9750
9657
9672
9750
9781
9656
9766
9797
9922
9782
9735
9687
9797
9812
9875
9781
9687
9734
9859
9875
9875
9797
9735
9750
9813
9782
9750
9750
9874
9999
9781
9765
9796
9843
9797
9781
9844
9812
9844
9891
9812
9812
9890
10125
9891
9922
9844
9828
9859
9921
9828
10000
9875
9844
9890
9891
9906
9875
9875
9921
9906
9875
9859
9875
9906
9922
9937
9875
9921
9890
9890
9953
9937
9953
9922
9922
9906
9906
9969
9984
9984
9968
9922
9922
9984
9969
10000
10000
9999
9984
9984
9984
9984
10078
9969
9984
10046
9984
10046
10031
10015
9984
9999
10062
10030
10015
10062
10093
10046
10078
10094
10031
10031
10047
10031
10000
10000
10000
10094
10047
10000
10000
10000
10015
10015
10015
10015
10062
10015
9999
9999
9999
10202
10062
10124
10077
10031
10078
10015
10031
10093
10000
10015
10000
10000
10109
10000
10000
10000
10000
10000
10000
10015
10015
10015
10015
10108
10093
10093
10155
9999
10000
10046
10000
10000
10000
10124
10156
10000
10000
10000
10016
10016
10016
10016
10016
10016
10016
10016
10016
10000
10000
10000
10109
10155
10046
10187
10031
9999
9999
9999
9999
10047
10125
10140
10062
10155
10171
9999
9999
9999
10171
9999
9999
9999
9999
10015
10015
10218
10015
10218
10187
10000
10015
10187
10187
10000
10187
10000
10000
10000
10000
10094
10015
10015
10015
10015
10015
10015
10015
10015
9999
9999
10015
9999
10218
10202
10031
10218
10202
10218
10156
10047
10218
10031
10015
10015
10015
10015
10015
9999
9999
9999
10015
9999
10233
9999
9999
9999
10077
9999
9999
9999
9999
10093
10249
10249
10249
10000
10016
10016
10000
10000
10000
10000
10000
10000
10000
10265
10000
10000
10000
10000
10109
10015
10015
10171
10015
10046
10015
10015
10015
10015
10015
10093
10280
10015
9999
9999
9999
10233
10233
10249
10265
10187
10000
10000
10265
10249
10031
10015
10280
10015
10311
10046
10218
10155
10015
10015
10125
10343
10047
10093
10343
10125
10093
10249
10264
10171
10280
10109
10218
10281
10218
10233
10280
10187
10452
10280
10093
10062
10265
10343
10281
10062
10343
10452
10218
10343
10281
10186
10124
10265
10343
10281
10234
10094
10250
10202
14274
10296
10109
10093
10109
10031
10156
10312
10312
10249
10327
10327
10484
9874
10311
9891
11856
10312
9891
10264
11044
11622
10124
10000
9859
10202
11747
13821
9859
9906
9891
10015
9922
9765
9984
9828
10031
10062
9984
10296
9984
9984
10171
10124
10125
10187
10109
12215
10094
10047
9984
10125
9906
10000
10156
9984
9891
10171
10093
9922
10015
9953
10000
9999
10015
9969
10109
10062
10000
11373
10140
10077
10031
10296
10234
9999
9952
10156
10140
10109
10046
10218
9937
10499
9984
10156
9937
10140
10218
9953
10109
10078
9953
10093
9984
10031
10031
10405
10186
10078
10202
10171
10140
10281
10140
10140
10171
9890
10249
10296
10296
9999
10047
9999
10015
9969
10359
10374
9843
9906
9844
9906
10218
9906
10062
9937
10015
10203
9921
10124
10062
10171
9921
10047
10046
10078
9890
14773
10000
10015
10015
10015
10047
10046
10000
10000
9999
9999
10015
10000
10218
10171
10015
10327
10015
10015
10000
9999
10264
10015
10016
10250
9984
9984
10031
10281
10031
10031
10062
10062
10062
10077
10077
10062
10062
10093
10156
10078
10062
10047
10062
10109
10031
10031
10031
10374
10031
10031
10031
10030
10030
10030
10030
10030
10015
10015
10015
10015
9999
9999
10015
9999
10000
10031
10015
9999
10015
10359
10124
10125
10015
9828
9828
9922
9828
10156
10109
9999
9875
9859
9874
9875
9875
9953
9891
10047
9969
9875
9906
9890
9937
9859
10062
10047
10343
10031
10499
9859
10280
10249
10233
9968
9890
9890
10156
9859
9938
9922
10265
9953
10265
9890
10015
9999
10249
10078
9859
10030
9999
10093
9890
9984
10015
9968
9953
10124
10078
10062
9844
10062
9891
9968
10015
9843
10093
10265
10374
10062
9874
9859
9843
10046
9984
10109
9875
10093
9844
10047
10031
9844
9969
9843
9875
9890
10125
10078
9844
9875
9875
10062
10124
9828
10140
10093
10062
9828
10093
10078
10016
10312
10125
9813
10077
9875
9828
9890
10000
9844
9844
10171
9828
9859
9828
10124
9968
9874
9875
9828
10078
10078
10093
10125
9813
10047
10406
9844
10124
9937
10140
10000
10109
9813
10000
9844
10109
10109
10124
9812
10108
10233
10108
10202
9968
10062
10046
10093
10124
10140
9797
9891
10109
9844
9844
9875
9797
9828
9843
9953
9797
10156
9844
9953
9796
10124
9952
9952
10093
9906
9968
9828
10156
10031
10031
10109
9828
10109
10172
9953
9969
9891
9906
9938
10062
10093
9797
10015
10171
10031
9844
9844
9984
10140
9828
9968
10124
10140
9999
10109
9812
9859
9828
9797
9969
9953
9906
9813
9812
10202
9843
10046
9844
9797
9999
9843
9843
9952
10498
10249
9844
10046
9781
10046
9891
9844
9984
10109
10109
9859
9812
10062
9828
10062
9906
10000
10015
10062
10094
10125
9999
10077
9999
10093
9843
10077
9999
10015
9843
10078
9891
9906
10047
10093
10000
10031
9843
10124
10030
10062
9968
9781
9781
9797
10062
10358
10046
9969
10140
10015
9812
10093
9969
10093
9828
9828
10015
9843
9952
9874
10031
9812
9968
10031
9859
9875
9984
9860
9938
9921
10046
10124
9968
10015
10093
9906
9859
10000
10062
10031
9906
9969
10109
10015
10124
9999
9875
9891
9859
9859
9969
9938
9875
9984
9860
9937
10296
10343
9859
10077
9859
10233
9937
10187
9844
9922
9844
9844
9984
9953
9953
9937
9844
9922
9968
9984
9812
10077
9921
10000
10000
10015
9953
9828
9828
10093
9844
9984
9906
9922
9828
9906
10015
9875
10093
9952
9859
10171
9859
9859
9890
10046
9921
10155
10124
9999
10140
9906
9953
10031
10031
10218
9828
9937
9938
10094
9938
9906
9953
10062
10046
10280
9813
10015
10015
10031
9797
10093
9812
9859
9812
9812
10078
10218
9812
9953
10031
9953
10015
9828
9921
10109
10249
10062
9875
9969
10140
9984
9952
9828
10078
9922
9938
9969
9875
9844
9953
10015
10015
9859
10077
10078
10015
10062
9922
9859
9952
9859
9937
10140
9843
9874
9937
10046
10062
10187
9844
9968
9937
9953
10218
9968
9921
10031
10015
10311
10062
9968
9969
9844
9906
9968
9999
9874
9937
9984
9999
9859
9968
10062
9875
9891
10046
9875
10015
9968
10108
10202
10030
9984
9890
10046
9890
9891
10062
9875
9937
9937
9875
9937
10015
9953
9874
10140
10015
9874
10015
9875
10093
10046
9859
10062
10062
10094
10078
9922
10094
10562
9875
10062
10015
10046
9875
10218
9875
10078
10093
10030
10093
10077
10046
10249
10140
10077
9906
9937
9890
9890
10015
10078
10016
10125
10156
9875
9859
10124
9968
9984
9844
10078
9844
10109
9952
10077
9999
9968
9844
10109
10156
9937
9828
10000
10000
10016
9953
10109
9828
10077
10077
10062
9859
10186
9843
10187
10187
10062
10109
10078
10280
9875
9984
9921
9890
10000
10218
9921
10155
10405
9922
10000
12028
10156
9937
10000
9906
10000
10077
9968
9953
9969
10062
10046
10046
9953
9953
9937
9937
9968
9968
10203
10405
10296
10156
10155
10000
10016
10406
10094
10094
10109
10125
9984
10218
10093
10078
9984
10124
10109
9953
10062
9969
9984
10186
9968
10312
10046
10031
10172
9984
10016
9984
9969
10171
10124
9969
9937
9969
9922
10031
10171
10077
9953
10234
9953
10234
10203
10218
10109
10109
10140
10218
9937
10171
9922
10062
9922
10171
10030
9984
10015
9984
10218
9953
10265
10202
9922
10015
10202
10031
10140
10140
10390
10172
10280
10311
10156
9953
10233
10202
10093
10093
10156
9968
10000
10015
10062
10000
9999
9999
10265
9984
10109
9968
10296
10218
10265
9969
10031
9969
10093
9921
10155
10280
9984
10171
10016
9969
10172
9968
10109
10187
10155
10109
10187
10155
9999
9952
9937
10015
10093
10171
10078
10016
10172
9938
10077
10109
10187
10140
10156
10203
9922
10312
10233
9984
10031
10062
10171
10202
10202
9968
10093
9937
10078
10218
9969
10172
9969
10000
10156
10031
9953
10062
10031
9984
9937
10187
10062
10046
9984
10280
10046
10187
9984
10280
10312
10093
10171
10187
10296
9969
10093
10093
10218
10202
10171
10155
10140
10171
10312
10327
10124
10031
10296
10140
10234
10328
10109
10405
10046
10155
10140
10202
9953
9953
12901
10140
9984
9984
10171
10156
10124
10156
10062
10218
10296
10187
10187
9984
10109
10234
10046
10218
10109
10171
10093
10093
10452
10093
10218
10171
9921
10077
9952
10093
10218
9968
10187
10124
10016
10218
9969
10078
10140
10265
9859
10202
10109
10155
9999
12090
10187
9859
9937
10171
10186
9921
10311
10186
10015
9874
10094
10078
10311
9999
10062
10077
9891
9891
10218
10125
10109
9953
10124
10155
9952
10234
10187
10218
10234
10312
10312
9999
10171
10124
10015
9937
10281
10171
10311
10171
10202
9952
9952
9937
9937
9952
9952
10358
10187
10359
10125
9984
9984
9984
10108
9984
10062
10078
9984
10046
10187
10077
10030
9999
10015
10031
9984
9938
9984
9922
10030
10046
9890
10327
10187
9969
9984
9937
9937
10218
9952
10233
10093
9906
9890
10140
10156
10062
10484
10047
9891
10265
9922
10031
10140
10093
10218
9921
9874
9984
10156
9953
10280
10171
10171
9984
10172
9891
9984
10140
10016
10031
9921
9921
10047
10093
10156
9984
9921
9874
10249
9890
9875
9984
9906
9922
9906
12090
10094
10000
10296
10218
9875
9969
9921
10156
10140
9906
10186
9906
9922
10093
10109
10094
9860
10234
9859
10124
10296
10343
10046
9984
10468
9875
10015
9859
9984
9859
9890
10093
9890
9874
10436
10140
10171
10686
10421
9906
10156
10250
9921
10062
10155
10249
10109
9937
10140
10156
9952
10218
10031
10000
10171
10015
9969
9969
10155
10124
10187
10000
10483
9984
10015
9999
10093
10233
10015
10031
10171
10000
10343
10016
10047
10047
10062
10015
10140
10015
10202
10015
10015
9999
10031
9999
9999
9999
9999
9999
9999
10031
9999
9999
10078
10187
10171
10000
10000
10031
10187
10140
10015
10015
10015
10124
9999
10093
10109
10202
10062
10016
10016
10016
10000
10047
10000
10016
10016
10000
10000
10000
10000
10000
10015
10155
10218
10155
10015
10015
10000
10000
10171
10062
10000
10109
10000
10000
10000
10047
10000
10000
10000
10000
10000
10015
10015
10015
10171
10249
10171
9999
9999
10093
10030
9999
10592
10046
10078
10000
10000
10000
10000
10000
10000
10171
10016
10016
10016
10016
10016
10016
10016
10016
10094
10203
10094
10016
10202
10031
10031
10015
10015
10187
10015
10140
10015
10218
10015
10218
10233
10249
10030
10030
10030
10030
10030
10030
10171
10233
10233
10031
10031
10046
10031
10031
10031
10031
10031
10249
10031
10031
10234
10031
10031
10031
10031
10265
10062
10031
10031
10031
10046
10015
10031
10047
10265
10234
10031
10031
10031
10250
10218
10280
10031
10405
10109
10031
10047
10047
10203
10031
10296
10140
10186
10389
10062
10030
10030
10156
10265
10389
10171
10343
10359
10249
10342
10264
10265
10312
10172
10421
10109
10202
10296
10109
10311
10109
10047
10281
10234
10156
10124
10046
10093
10062
10264
10186
10062
10093
10234
10670
10312
10249
10374
10109
10327
10109
10125
10296
10312
10187
10140
10218
10483
10296
10046
10108
10124
10109
10109
10109
10109
10109
10094
10094
10562
10062
10047
10062
10047
10062
10062
10062
10046
10046
10046
10155
10499
10000
10437
10171
9985
10171
10702
10390
10452
10453
10327
10249
10312
10187
10000
10358
10124
10078
10094
10265
10031
10156
10094
12340
10172
10202
10172
13900
12464
10171
10327
10078
10234
10046
14461
10297
10109
10125
10063
10000
10234
10187
10140
9953
9891
10140
9890
10016
10125
10015
9890
10296
10124
9984
10109
10249
10031
9875
10140
9890
9907
9969
10109
9906
9875
9812
10031
9922
9953
10125
9968
10078
9968
12402
14259
9969
10093
10296
9890
9891
9891
10125
9985
9984
9859
9984
9844
10000
10156
10234
9828
9922
9953
10031
10000
10000
10016
9968
9968
9984
10093
9922
10109
10187
10047
9953
10062
9984
10171
10156
9985
10000
10281
10062
10109
9969
10078
10109
10015
10140
10109
10484
10062
10078
10031
10203
10016
10016
10124
10015
10234
10218
10031
10187
10015
10125
10016
10343
10234
10234
10000
10203
10234
10000
10000
10015
10015
10031
10016
10016
10000
10016
10031
10046
10046
10031
10046
10015
10015
10031
10031
10015
10499
10265
10187
10171
10187
10203
10046
10031
10047
10468
10031
10031
10031
10031
10031
10062
10046
10141
10280
10109
10234
10125
10140
10140
10125
10125
10141
10141
10141
10141
10141
10141
10141
10156
10171
10156
10109
10109
10093
10093
10062
10078
10031
10000
10093
10015
10000
10046
9953
9984
9984
10265
10311
10047
10031
9937
9922
9922
9938
10405
9937
10858
9937
10343
10062
9921
9969
9953
10140
10078
10046
10077
10125
9969
10093
10109
10078
10405
10046
9984
10016
10187
10078
10109
10124
9953
10155
10031
10109
10062
10452
9969
10172
10141
10187
10171
10109
9953
10062
10577
10094
10031
10015
10109
10171
9922
10156
10093
10156
9969
9953
10000
10093
9922
10172
10046
10140
9921
10187
10015
10093
9922
10203
10187
10047
9969
9922
10187
10265
10000
10156
10062
9922
10202
9968
9969
10016
10203
10390
10281
9922
9968
10155
10327
9968
10077
10093
10171
10203
10031
9937
10281
9969
10203
10187
9969
10109
10203
10187
10250
10062
10187
10156
9937
10171
9968
10156
10078
10218
10202
9984
10031
10077
10124
9969
10203
9985
10047
10234
10156
10187
10249
10124
10171
9984
10202
10359
10094
10000
10125
10109
10156
10219
10016
10171
10171
10015
10078
10124
10015
10047
10094
10172
10016
10140
10140
10171
10109
10015
10125
10218
10109
10062
10016
10421
10109
10281
10047
10327
10312
10124
10093
10124
10202
10000
10202
10218
10124
10218
10140
10000
10202
10171
10203
10234
10016
10141
10141
10063
10406
10249
9984
10421
10124
10296
9984
10078
10016
9969
9969
10062
10249
10202
10218
10249
10000
10047
10187
10265
10031
10000
10265
10265
10234
10452
10499
10016
10374
10265
10171
10249
10031
10249
10218
10233
10047
10109
10250
10031
10000
10328
10078
10000
10219
10000
10234
10109
10234
10093
10250
10249
10296
10280
10171
10140
10265
10140
10047
10343
10125
10250
10141
10140
10109
10296
10187
10187
10296
10140
10156
10234
10125
10218
10234
10125
10125
10062
10296
10234
10109
10078
10125
10109
10125
10125
10031
10109
10125
10031
10078
10094
10078
10078
10109
10109
10094
10047
10094
10093
10046
10234
10031
10374
10047
10218
9999
10046
9999
9984
10031
9999
9953
9953
10281
10078
10000
10000
10328
10312
10062
10327
9984
10015
10140
9953
9953
9985
10046
10000
10000
10437
9937
12152
10359
10124
10109
10249
9953
10109
10078
10281
9953
9953
10124
9937
10109
10187
10141
9938
10234
10125
9953
9953
10296
10203
9938
10062
10046
10062
10125
10140
10218
9922
9985
10016
10000
10219
10203
10219
10203
10265
9937
10171
10000
10000
10093
9922
10218
10077
10077
10187
10233
10686
9969
10031
10203
10015
10234
10031
10172
10063
10000
9922
10265
10172
10203
9906
9984
10124
10171
10187
10218
9999
9906
10046
10280
9953
9922
9907
10125
10156
9985
9938
10016
9985
9938
10094
10187
10062
10124
9984
10171
9937
10218
10359
9922
10015
9938
10172
9922
10250
9907
10187
10078
10015
9906
10140
10140
10016
9906
9906
9906
10109
10155
10031
10156
10109
9953
9891
10125
9969
10156
10219
10078
10265
9968
10172
10094
10172
10203
10187
10280
10577
9953
10187
10031
10219
10187
9890
9953
9968
9938
10094
10265
10155
9921
10031
10281
10000
10218
10265
10234
9969
9922
10187
10078
10343
10187
10000
10000
10062
9937
10140
10062
10124
10046
9968
10125
10016
10296
9922
10000
10109
9922
9984
10015
9921
10031
10046
10015
10436
10062
9922
10125
10000
10109
10031
10328
10078
10327
10140
10124
10062
10125
10031
10172
10156
9984
10077
9875
9875
9859
9859
10015
10078
10125
9891
10063
10063
9891
10094
10202
10046
10374
10078
10062
10062
10359
10203
9953
10047
10281
10156
10234
10171
10047
10265
10187
10140
9953
9937
9937
9984
9969
9953
9953
9953
9937
9922
9922
9906
10156
9891
12122
10156
9875
9891
9875
9875
9890
9890
9859
9844
10156
10124
10000
10203
10140
10125
10172
10125
10093
10156
10171
10187
10250
9875
9860
10218
10218
9953
10156
9844
10187
10015
10265
9984
10249
9844
10265
10000
10031
10218
10031
9937
9828
9984
10000
9891
9906
9999
9969
10312
10078
10000
10421
9953
9984
9984
10031
10015
10063
9953
10046
10062
9844
10000
9953
9922
9999
10077
10031
9984
9844
10062
9969
9891
10000
9828
9891
9844
9969
9860
10046
9984
9891
9844
9953
10047
9922
9875
9937
9953
9890
9828
9828
9999
9922
10062
10078
10047
9813
10047
10078
9829
9968
10078
10062
9953
10015
9953
10078
9937
10015
10077
9890
10077
9921
9812
10109
9828
10047
9844
9813
9859
9797
9875
10140
10031
9937
10202
10047
9891
10125
9922
9828
10140
9859
9875
10015
9969
10047
9828
10015
10063
9953
9828
9906
10078
9906
9797
9906
10016
9797
10047
10047
9937
9812
9968
9890
9937
10452
10140
9813
9984
9922
10047
9891
9953
9844
9906
10047
9860
10031
9813
10031
10047
9829
9907
10015
9906
10031
9938
9953
9860
10078
9828
10140
9890
9828
9937
9843
9828
9984
9844
10109
10172
9938
9829
10063
9829
9906
10031
9906
9937
10000
9984
10234
10093
9953
9843
9875
10140
9891
9844
9844
10203
10000
10078
10031
9907
9859
10031
10062
10078
9797
9937
10047
10000
10000
9969
9797
10094
10140
10093
10093
9797
10015
10031
10265
10047
10125
9860
10016
10031
9859
9859
9797
9984
10125
9953
9938
10655
10171
10140
9906
12168
9875
10062
10047
9907
9922
10124
9844
9860
10094
10031
10062
10062
10140
9984
10062
9968
10077
10078
10062
10047
10015
9813
10109
9813
10063
9907
9907
12106
10109
9953
9828
9984
10077
10421
9969
10171
9969
10000
9875
10031
10000
9844
9968
10000
9984
10078
10062
9891
10047
9938
10062
10078
10094
9812
9844
9812
9828
10140
10016
9969
10109
10078
10141
10063
9953
9813
9969
9875
9984
9906
9907
9875
10141
9812
10390
9812
10062
9812
9921
9813
10125
10047
10047
10141
9985
10031
10109
10156
9875
10031
10000
9984
9969
9844
9953
9937
9875
9999
9812
10015
9953
12028
9797
9953
9953
9859
9953
9937
9985
9953
9922
10062
9937
10000
12044
10016
9813
12746
9906
9937
10031
9906
10077
9953
10031
9859
9953
10015
9797
10000
9875
9953
9953
9859
9968
10078
9953
10000
10140
10047
10000
9812
9890
10015
9797
9891
10046
9937
9781
10015
9999
9859
10047
9844
9781
10047
9907
10125
9938
9891
10031
9859
10031
10062
9890
10031
10156
10000
10016
10312
12215
9875
10062
9860
9968
9890
10031
10031
9828
9844
9907
10094
9891
10000
10093
9859
9891
10031
10047
10016
9891
9906
10094
10140
10093
10156
10093
9969
9984
9969
9938
9984
9906
9906
9906
9969
10155
10234
10172
9953
9953
10031
10031
10031
10000
10047
9938
10016
9984
9953
9953
10062
10249
9984
10062
10078
10000
10063
10078
9969
10031
10031
10125
10233
10031
10156
10093
10218
10156
10109
10171
10187
10109
10015
10109
10140
10109
10156
10031
10016
10016
10172
10016
10000
10000
10062
10015
10046
10155
10015
10031
10015
10015
10015
10124
10031
10109
10031
10047
10031
10093
10031
10031
10140
10031
10031
10125
10093
10031
10031
10140
10031
10047
10047
10031
10047
10125
10031
10031
10031
10031
10031
10047
10047
10031
10031
10016
10172
10078
10015
10218
10171
10140
10124
10031
10171
10015
10031
10031
10031
10172
10187
10187
10124
10171
10218
10171
10140
10062
10047
10187
10202
10156
10093
10094
10187
10203
10202
10125
10125
10109
10062
10047
10109
10062
10078
10062
10312
10359
10047
10047
10031
10265
10015
10015
10031
10031
10016
10265
10141
10016
10281
12200
10234
12324
10234
10296
10031
10171
10250
10031
10000
10000
10031
10015
10031
10031
10015
10015
10249
10015
10015
10358
9999
10015
10031
10374
10031
10015
10015
10015
10000
10374
10328
10109
10031
10405
10421
10046
10046
10031
10062
10530
10047
10047
10047
10047
10047
10047
10093
10374
10125
12262
10155
10296
10187
10297
10250
10046
10375
10312
10343
10047
10249
10748
10296
10218
10265
10156
11981
10093
10171
12059
11966
11981
10280
10187
10031
11981
10514
10124
10639
10062
10140
10358
10062
11825
10155
10733
10171
10249
10031
9906
10108
10249
9984
10202
10218
10296
9984
10202
16318
9984
10140
12511
10062
9875
9874
9984
9922
9859
10093
10203
10062
10093
10000
9984
10109
10218
9906
9859
9875
9969
9922
17161
33806
9984
10140
10031
10000
9938
10234
10109
9890
9781
10062
9735
10031
9672
9734
9953
9765
10030
9796
9906
10046
9719
9968
9922
9922
9953
9750
9641
9844
9828
9844
9828
9781
10124
9813
9734
9906
9875
9860
16162
9984
10093
10156
10156
10109
10109
10062
10046
10062
10171
10124
10077
10093
10171
10015
9999
10234
10015
10015
10000
10047
10015
10328
10015
10015
10015
10030
10015
10015
10015
9999
9999
10015
10015
10015
10015
9984
9999
10031
10140
10140
9937
10156
9922
10046
10218
10202
10031
10218
10218
10109
10249
10280
39873
10031
10062
10281
10234
10218
9968
10077
9968
10156
10140
10281
10374
10000
9921
9969
10140
10421
9937
9906
9906
10233
10545
9921
9906
9906
9906
9968
10234
9922
9906
9921
9906
9906
9999
10468
9999
10046
10031
9953
9906
9999
10109
10186
9875
9875
10047
9875
10125
10171
9874
10077
10062
9874
10717
10171
9875
9891
10078
9875
10108
10093
10030
10140
9922
9906
10109
10218
9891
10077
9875
10140
10561
10171
10124
10281
10155
10420
9999
9922
10265
9938
9906
9906
10374
10078
10171
10155
10124
9968
9968
9968
9968
9968
9953
10093
9968
9953
9937
9922
9922
9938
9938
9938
9922
10452
10156
10124
10124
9953
9953
9937
10203
10109
39640
9984
10218
10015
10046
10046
10405
10202
10327
10327
9859
9844
9891
9859
9843
9828
9844
9828
9828
9843
9828
9860
9860
9859
9828
9813
9891
9891
9891
9922
9938
9953
9937
9937
9937
9937
9937
9937
9937
9937
9937
9937
40046
10015
10015
5647
39859
39874
39936
39968
40014
16
78
46
110
31
93
156
16
109
156
297
78
0
46
219
47
62
109
125
140
32
109
47
31
140
39843
16
171
16
109
94
125
156
39796
39812
39999
280
124
39905
39984
63
156
39999
39952
40030
94
47
39967
62
187
39983
40046
39937
40030
93
125
171
125
109
40015
40030
234
109
62
40046
172
47
40045
140
62
156
203
40186
62
40139
78
40155
203
31
31
40186
40186
124
234
156
40404
125
47
140
188
109
234
203
40155
125
63
327
265
40202
219
141
125
187
390
172
124
62
281
312
203
109
40030
40373
40046
203
265
203
156
172
40171
296
250
297
94
312
40264
187
40233
156
40030
312
375
359
40279
249
327
140
297
437
40311
40217
343
39968
187
250
249
39951
296
328
40607
40280
2091
297
219
40139
577
249
40108
39983
421
40498
40170
468
234
40139
422
359
374
234
40014
515
39921
484
452
78
531
78
561
125
405
405
484
499
546
483
592
436
530
593
655
203
561
484
187
639
717
639
546
265
140
40669
734
562
702
39952
156
156
624
718
250
219
297
219
656
156
499
109
62
281
187
639
140
265
733
203
93
343
219
358
312
109
499
94
297
796
562
156
187
265
109
296
468
297
297
390
78
171
328
218
250
296
234
484
437
187
452
94
141
375
437
280
93
250
281
40201
390
374
40201
328
172
187
375
187
187
281
40217
40232
187
265
312
40170
156
375
141
265
312
452
109
437
156
203
266
234
141
218
265
250
156
40358
296
328
359
344
203
344
312
343
406
40264
437
312
515
374
593
515
374
327
405
483
390
312
312
327
390
421
39905
515
421
421
312
359
422
437
40124
468
452
218
468
531
188
531
499
452
296
717
343
593
39999
796
125
562
484
421
421
436
530
234
2153
374
562
125
42292
546
78
452
125
390
452
452
374
328
312
375
390
234
702
297
140
405
343
390
40092
141
141
141
2387
453
374
484
577
421
219
172
515
795
218
218
265
359
437
250
390
343
187
141
452
328
281
468
156
156
390
327
140
483
297
359
40077
265
405
280
1856
234
172
312
172
468
281
343
437
421
702
499
40077
250
280
468
172
156
249
359
359
280
858
40201
406
421
390
234
40201
405
1888
2434
2418
40030
218
375
422
250
327
421
343
40139
281
390
421
39983
280
374
421
359
422
359
39999
312
530
530
390
312
530
250
328
265
421
406
312
484
359
40076
436
468
437
655
390
468
40077
515
468
343
405
889
421
2793
40077
39998
608
437
562
593
593
437
499
405
546
499
780
515
468
483
577
468
390
468
374
452
546
499
515
39936
531
297
546
670
655
1045
328
484
609
593
39936
608
655
546
484
577
562
530
468
312
468
266
515
374
265
421
281
640
531
484
453
670
39842
748
624
546
718
624
578
561
39749
328
375
499
546
733
265
374
40154
546
2574
359
546
452
39873
514
608
343
686
718
468
484
343
40139
39874
1092
437
40046
39858
936
327
421
577
483
499
343
484
344
484
593
500
327
531
499
733
327
452
468
358
546
608
39796
546
39765
671
484
468
328
328
39764
577
484
562
499
39765
2528
39937
453
452
2511
530
561
39733
546
515
546
374
390
514
39967
562
655
437
702
515
515
561
515
468
515
39843
718
39671
499
484
717
437
515
561
530
811
437
561
780
499
2496
39936
468
39858
811
483
998
640
624
702
609
561
546
639
592
686
546
702
530
639
671
593
39905
530
702
702
702
39843
718
515
531
531
717
608
671
687
655
39858
702
670
577
562
39811
562
749
577
624
624
546
702
920
858
577
656
687
624
2402
905
749
624
546
483
764
780
671
827
811
811
858
920
826
842
795
796
764
40015
765
780
780
843
41979
546
780
998
687
671
827
421
780
609
702
546
577
873
1092
608
452
624
812
453
577
671
858
453
531
453
608
874
905
499
718
718
780
453
874
436
40045
39983
40327
718
608
749
531
796
468
577
702
655
436
42151
874
702
686
1123
452
515
640
780
780
780
2558
546
904
764
671
687
40139
500
671
40092
858
593
531
765
39936
952
639
608
40123
592
39920
40170
686
40077
562
764
39937
733
39936
40124
40092
39936
40217
640
40404
39921
936
858
905
702
780
686
780
40030
967
702
40263
655
39967
655
39983
577
40030
40093
2543
640
718
39905
40295
40077
733
39921
40124
39983
40077
40107
967
40154
40061
40061
40139
40139
40155
40186
39983
40154
40154
40108
40124
39983
40046
40467
40077
764
40061
40124
40030
39968
39952
40529
40076
749
811
39998
40233
39999
905
40217
765
780
40092
2636
905
39952
40467
39983
920
733
827
874
40077
40108
827
858
40170
40108
40186
40123
842
40029
936
858
40139
39921
874
40093
936
40123
39983
40030
920
40030
39998
40139
39920
39921
982
951
39920
951
40045
40108
40170
40108
39921
39983
983
1014
1076
40326
40342
40046
40263
39920
40170
40170
40154
40248
40139
40014
40139
40186
999
40155
39905
39937
39983
40108
40139
40076
998
1045
40077
40155
40170
1076
40451
40232
40248
39983
1076
1092
40170
40107
40186
40092
40077
40014
1092
40217
40015
40217
1014
40061
40248
40046
1092
1217
1076
982
40061
40092
40061
39998
1107
39968
1107
1123
982
40217
1092
1123
1310
1154
1217
1139
40014
40014
40092
1201
1170
1170
1014
1170
1045
40139
40045
40420
40045
40045
40201
40061
1264
1342
1201
1107
1217
40123
40030
40076
40092
40061
1186
39999
1155
40123
1232
40045
40389
1264
40217
1186
1014
40139
39968
40154
1217
39967
1154
40232
40154
40154
40186
39952
40061
40124
1216
1263
1170
40201
40201
39983
1076
40076
1154
1217
40217
1186
1201
40155
39905
1264
40233
1186
1170
1046
40202
39905
1202
40248
39905
40076
39967
40217
1154
1233
1326
1077
39905
1139
40092
40139
40139
40202
40108
40139
40014
1154
1248
1170
1310
39936
40233
1108
40373
40311
1248
1310
39905
40264
40061
39936
40154
39983
1311
40326
1201
40046
1217
40326
39905
40029
39983
39889
40014
40077
1154
39999
39889
40404
40061
1264
1373
1217
39983
40186
39999
1513
39952
40201
40373
39920
40014
1201
1279
1264
39999
1529
40342
1264
39921
40029
1263
40139
39951
39905
1248
40170
1232
40435
40107
1498
39967
39983
40061
1248
1451
40030
39999
40451
39905
40061
40202
40061
39920
40435
39920
40076
40420
40076
40077
40342
40046
40358
40029
40076
39889
1435
40045
40139
40061
40015
40030
40046
40217
39937
1310
1404
40030
39889
39952
1373
1373
40108
39905
40124
39905
40155
39951
40029
40107
39983
40077
39967
40545
40061
40045
1560
40077
39967
1311
39905
40030
39874
39998
40076
40139
39889
1341
1373
1435
39952
1404
40607
40061
40014
40404
1404
40092
40014
1420
39999
40279
40046
39968
1435
40264
40030
1388
40014
1466
1513
1404
39890
40061
1482
39889
40045
1513
1435
40139
40139
39952
1513
40155
39889
39952
1404
39890
39890
39874
1560
1498
39889
1482
40092
40046
40108
39936
1545
1498
40498
40592
39998
39905
40123
40279
40092
40014
39983
1575
40217
39999
40030
39983
40030
39967
39889
40342
39983
39999
1451
39921
1467
39999
40093
40015
40124
40123
40092
1482
40030
40514
40295
39983
2621
40108
40326
39999
1513
1528
39983
1528
1575
40170
1607
1513
40014
39999
39889
39905
40030
39952
40045
39952
39999
2793
39874
1498
39983
40092
39983
1544
39951
1606
1528
1653
1607
40045
1560
40108
1544
1591
1794
39967
40030
40014
40045
40030
39936
40124
1638
1560
40170
40029
40155
40108
40045
1529
40030
40093
1638
1654
41309
40124
40123
1669
1747
1607
1685
40030
40124
1575
40185
40061
1560
39967
1763
40249
40108
1779
1685
1701
39998
39983
40077
40233
40014
40170
1700
39936
1762
40029
1732
4633
40045
39936
39936
1669
40030
1748
1748
40124
40295
39952
40201
1809
39967
39874
40280
1747
40326
40388
40092
40248
40092
39858
40092
40030
40186
39859
1935
1826
1888
1857
39843
39952
39858
39968
40092
42058
1950
39952
40045
40170
40061
40202
39921
40202
1810
39843
40092
40170
39936
1794
1888
39921
39999
40654
40435
40263
39842
1825
39858
39921
40280
40061
39999
40264
39843
39952
40014
40076
40092
40014
40014
40046
39920
40076
39983
40045
39967
40014
39983
39874
39843
1935
40077
40030
39890
40171
39859
39952
40092
39952
40030
40139
40014
40077
40295
39968
40014
40076
39936
39842
39905
40014
40139
40264
39983
40077
40014
39998
39936
40014
40077
39952
39999
40451
39983
39874
40030
39858
40513
39920
40061
2043
40248
40045
39936
39889
39983
40170
39859
39999
39843
40139
40030
39936
39983
40123
40045
39842
40186
39905
39968
39952
40201
39920
40045
39920
39858
40061
40155
40077
40201
40014
40045
40046
39983
39936
40108
39967
40061
41980
39967
39796
40155
39983
42011
39983
40045
39983
39936
39889
39905
40014
42027
39796
39858
40061
40249
40077
39781
40170
39889
39811
40155
40046
40014
2231
40139
39983
40029
39842
39795
40201
39874
39936
39796
40326
39936
39811
39920
39920
39952
39936
40186
40061
39921
39968
40108
39874
39842
40014
40029
39999
40061
39921
39921
39858
39874
39827
39890
39921
40077
39983
2325
2372
40186
40030
39781
40045
39874
39811
39905
40045
39858
40014
39936
40014
39905
39873
40201
2418
40061
39889
39967
2418
39983
2356
39983
2418
39968
40139
40030
39952
39827
40202
40139
39780
39920
2371
39780
2449
39827
2387
40280
40077
40014
39920
39920
39951
39780
40107
39952
39858
39780
2465
2449
39921
40030
39905
39843
39968
40030
39780
39920
39874
39905
2434
39765
39780
39843
40014
39780
39796
39983
2512
39765
39827
39889
40123
40014
2449
39952
39905
39874
39905
2590
2480
39921
39999
2574
39983
40154
39811
39952
2605
2527
40139
39968
2527
2559
40139
39951
40903
2652
2574
39951
2542
40186
40077
2512
39874
39890
2543
2636
2605
2574
2559
2543
2559
40061
2636
40123
39858
39936
2621
40139
2636
39858
2714
2684
39999
39952
40420
39952
42151
2699
39952
40124
39827
40014
2683
2621
39780
2652
40295
40045
39998
39780
39780
2683
39936
40623
40077
40030
39796
40014
39765
39749
42042
39999
2714
39951
39780
2776
39967
2714
39765
40201
2746
40015
40046
39936
39998
39858
2777
2761
39843
2746
39874
39765
42198
39951
3369
2808
2792
39967
2777
39780
39905
39843
40061
40342
39843
40061
39843
39827
39874
2777
39920
39874
39905
40155
39905
2902
40014
2715
39889
2839
2730
39780
39983
2824
39889
42073
39952
39905
39843
39843
39843
39937
40046
2886
39858
40217
39811
39796
39889
39874
2886
39764
2886
40295
40029
39905
39998
40185
39920
40029
39967
39905
3494
2761
39983
2777
39999
39937
39905
2996
39734
40108
40014
39889
39796
39968
2855
40014
2917
39780
39812
39951
39905
2917
39936
39811
39998
39811
39765
2902
39796
39936
39874
39968
2871
39764
40061
3026
39968
40014
39952
39749
39749
2980
39936
39858
39842
39998
39702
2995
39796
39718
39874
40233
3058
40077
39889
39983
39874
39827
39687
40139
42339
39905
39873
39967
40014
39764
39827
39952
39905
39843
39749
39687
39968
39686
39936
39967
3026
39952
39686
39858
3151
39967
3557
39827
39827
39843
39734
39827
39920
3042
39983
39889
39920
3057
39655
3026
3120
39827
39702
3042
39640
39983
40030
3105
39640
3058
3245
39655
3057
39764
39842
3042
39811
40061
39749
39671
3042
40264
3120
39656
39998
39842
39858
39702
39827
39873
39687
40030
39858
39843
39843
40825
39936
39952
3152
3105
39765
3151
39796
39858
39702
39702
3167
39749
39765
39905
39921
40170
39936
3182
39811
39749
40092
39733
39781
39749
3105
39765
39781
39749
3198
40202
40357
39796
39780
39764
3245
39780
39890
3151
39811
40263
39811
39780
3229
39795
39858
39889
3245
3167
39905
39843
39843
3245
40155
3152
39843
3292
39983
39796
3229
40232
3167
39889
39889
39889
39905
39874
3229
39874
3167
39873
3276
39905
3182
3198
39858
39905
39873
39780
3370
40045
3229
39905
39905
39936
3260
39952
3307
39921
3448
39952
40436
39890
3292
39936
39952
3245
3417
3260
39967
39936
39936
39936
39951
3229
39874
3385
39983
3307
3323
39967
39827
3370
39811
39811
39983
39968
39921
39921
39983
39983
39936
3338
40045
3416
39998
39952
39983
39874
3448
3370
3323
39920
3322
3354
3400
3338
3448
3338
39905
3463
39921
3401
3369
3447
3401
40123
3417
3354
40139
40014
3479
3354
39952
39936
39951
39967
40045
3369
3322
40061
40170
3385
40030
40108
40014
40092
40607
3401
39999
39968
40046
40139
3604
3479
3463
3463
40029
42276
39998
3463
40061
40061
3526
39999
3495
3510
3432
3495
3510
40155
3494
40061
40123
40014
40139
3526
40139
40139
40139
3526
40139
3557
40202
40154
40045
3572
3619
40123
40108
40170
39983
40186
40124
40108
3573
40201
40139
3541
40123
40201
3697
3635
40186
3588
40046
40171
3526
40186
3729
3573
40217
3572
40217
3573
40186
3635
40107
40092
39967
3619
3619
3588
3619
40264
40108
40201
40092
39921
40108
40108
3651
40249
3635
42370
40123
40310
40123
40264
3619
40264
3713
3635
3697
3682
40124
3681
40279
40154
3650
3650
40248
3681
3682
39858
39858
3698
3713
3682
40201
39936
3806
3837
40311
3728
3822
39859
39859
39983
40139
39874
40436
39905
3807
40014
40435
40154
3838
39983
39936
40123
39967
3837
40435
3822
40077
3853
3994
3853
40263
3916
39968
3931
40592
3931
40201
3931
40030
40108
40123
40123
4056
4150
4056
40529
40123
4071
39889
39843
4087
4088
39110
4119
4118
4071
4087
4134
4103
39734
39297
4119
4150
38937
4165
4165
39390
40030
4165
4166
40342
4790
4181
39343
4149
4181
4134
39266
39359
39281
39281
4196
39484
4196
4228
38719
39032
39515
39609
40264
4243
4196
4274
39125
39250
4321
4259
39203
4290
4306
4274
4290
39140
38953
38969
4337
4258
4243
4243
39015
39390
4258
4321
4290
39796
4353
4368
4353
4400
4368
39250
40934
39390
4399
4399
4384
4384
38142
39375
4353
4337
4368
37721
4945
4383
4383
37565
37487
4446
4384
37955
37346
38735
37253
37799
4368
4446
38751
37129
38626
38735
37471
38360
4383
4430
37315
4383
36972
4399
4555
37502
38438
4493
4462
38938
4399
4446
38142
37768
38985
37814
37268
41169
38033
36348
37456
37237
36333
38423
37441
38532
38579
37472
37394
4524
4462
37315
37237
37487
42307
38813
36987
4461
4524
4524
37066
36255
36411
4493
36661
4478
36271
4540
36442
36567
36302
37643
36239
36395
36785
41792
36489
4602
36333
36489
4586
36489
37066
37144
4571
37893
36505
36504
39390
36083
36380
36380
36317
4618
36909
36987
36457
36223
36582
36036
4649
36239
4618
36177
4633
36270
4649
36271
36583
36146
36099
36115
36583
36442
36254
36036
4633
37315
36613
36036
36114
4665
4680
4618
36083
36192
4727
36629
36379
36473
36332
36223
4633
36660
41855
36535
36052
36145
4649
36145
36489
36489
36255
35896
4696
36505
35896
36660
36130
37393
35896
36520
36192
36660
36395
4727
36146
36379
36036
36161
4711
36177
35833
36333
36145
36052
36598
37207
5258
4852
36130
36161
36161
36176
36145
35740
36614
35724
36239
36410
4929
36020
36239
4789
36223
36255
36457
36442
36036
35896
4820
37627
35927
4851
35833
35724
36052
36832
36255
35802
4805
35709
35973
36207
35771
4836
35802
37861
35771
36067
36099
36317
35631
36146
4930
36130
36114
35880
36067
35287
35818
35818
4914
36426
35818
4883
35817
35037
35708
36083
35833
35927
36099
36177
36535
35911
35849
36301
4898
4946
35959
34648
36068
36037
36114
35662
35802
34617
35896
4976
34803
36239
35958
36504
35178
35849
35257
4977
36130
4976
35942
36442
36192
35084
35958
5055
5039
36036
4992
36426
34710
5054
35895
42120
36005
34757
36021
35818
35974
5039
5039
36020
36208
35521
5070
35990
36068
5132
34819
35178
5117
5070
35865
34882
32620
32168
34820
5163
34835
36114
35366
5133
35132
5366
36145
35396
35272
35209
35318
35084
36005
34944
5242
5226
36505
34991
5319
5288
5273
5304
5289
32370
5242
5320
35116
36754
35100
5304
35677
30654
5398
5413
5366
5413
5413
35194
5382
5413
5429
5397
5413
5460
5460
5444
5554
5492
5476
5460
5632
5616
5553
5569
5585
6006
5616
5632
5616
5647
5647
5647
5694
5772
44008
5757
5819
5772
5788
5834
6318
5928
6380
5913
5866
6069
6443
6006
6022
6006
6536
6521
6069
6100
6053
6100
6099
6162
6147
6193
6209
6193
6240
6255
6209
6193
6271
6318
6271
6302
6271
6256
6287
6364
6334
6396
6365
38392
6396
6459
6380
6552
6474
44226
38313
6521
6474
6474
6506
37908
6552
6583
6552
37643
6583
6552
6568
6567
6832
6661
6770
7176
6708
6786
6755
6755
6771
7348
6817
6786
6818
6848
6895
7020
6801
6926
6926
6864
6911
44398
6817
6832
6927
7020
6942
6911
6957
7020
6988
6926
7004
7082
7114
6973
7004
7160
7005
7098
6942
7035
7051
7082
7098
7020
7098
7004
7036
7051
7114
7161
7083
7130
7145
7113
7035
7207
7098
7144
7145
7067
7254
7052
7067
7239
7176
7145
7254
7144
7160
7098
7192
7301
7223
7161
7145
7410
7145
7098
7098
7145
7239
7269
7238
7160
7145
7223
7426
7176
7114
7176
7286
7254
7129
7285
7254
7254
7347
7207
7239
7254
7254
7363
7363
7254
7285
7364
7317
8690
7379
7301
7254
7456
7394
7520
7364
7348
7442
7379
7441
7410
7426
7660
7566
7488
7472
7535
7519
7706
7613
7628
7566
7597
7660
7644
7629
7566
7660
7629
7738
7628
7628
7659
7722
7597
7675
7675
7691
7629
7707
7675
7690
7659
7660
7784
7769
39936
7768
7722
7675
7706
7707
7800
8533
7753
7816
7768
7831
7737
7784
7769
7878
7769
7831
7816
7862
7878
7800
7862
7972
7910
7971
8143
8034
7831
7894
7909
7924
7894
7910
7894
7956
7925
8002
7971
7940
7940
7909
7940
7972
8065
7956
7956
7925
8049
8050
7987
8003
8018
8049
8034
8018
8050
8034
8034
8049
8096
8159
8221
8268
8127
8127
8127
8112
8128
8206
8190
8175
8268
8190
8299
8222
8222
8222
8206
8206
8206
8205
8299
8268
8221
8237
8362
8237
8237
8222
8393
8331
8268
8268
8424
8455
8299
8283
8440
8315
8330
8440
8346
8408
8456
8409
8471
8377
8455
8362
8362
8502
8362
8518
8456
8393
8456
8393
8362
8377
8470
8533
8377
8377
8471
8424
8611
8580
8517
8580
8533
8502
30170
8502
8658
8658
8471
8580
8471
8580
8486
8580
8549
8674
9360
8502
8533
8611
8611
8673
8626
8580
8518
8518
8580
8643
8643
8643
8627
8534
8518
8518
8517
8517
8533
8533
8517
8517
8517
8517
8502
8611
8595
8673
8767
8502
8626
8502
8736
8642
8627
8674
8502
8518
8643
8705
8627
8876
8658
8705
8658
8643
8626
8517
8736
8721
8720
8814
8923
8611
8658
8658
8673
8642
8674
8627
8549
8705
8876
8985
8798
8767
8564
8767
8580
8658
8721
8783
8627
9033
8814
8673
8689
8830
8736
8768
8720
8783
8689
8814
8845
8783
8705
8721
8721
8861
8751
8876
8705
8845
8752
8845
8908
8845
8799
8752
8814
8829
8845
8877
8814
8939
8814
8783
8877
8814
8876
9110
8861
9048
9828
8938
8939
8876
8923
8938
8876
9001
8876
8892
8986
8986
9033
30046
9080
8924
9048
8845
8892
9017
8939
8970
9001
8986
9079
9017
9017
8877
8954
8861
8923
9079
8877
9033
8970
9017
9079
8938
9001
9016
8923
9032
9032
9142
8954
9048
8955
9048
8907
9064
9048
9126
9001
8970
9157
8954
8986
8970
9064
9158
9032
9063
8923
9017
9142
9111
9189
9173
9219
9126
8985
9016
9064
9080
9251
9032
9017
9095
9048
9079
9204
9048
9095
9172
9236
9345
9017
9048
9157
9126
9017
9360
9017
9172
9110
9173
9048
9204
9095
9126
9158
9063
9110
9064
9063
9235
9142
9126
9158
9236
9079
9173
9173
9063
9048
9235
9173
9548
9236
9314
9204
9267
9173
9251
9266
9251
9095
9220
9095
9251
9282
9111
9345
9828
9266
9314
9282
9298
9141
9141
9251
9313
9282
9250
9172
9142
9345
9251
9266
9360
9344
9344
9313
9235
9375
9173
9267
9204
9282
9313
9438
9313
9314
9376
9360
9235
9235
9219
10545
9297
9360
9329
9375
9313
9313
9360
9376
9469
9501
9267
9360
9345
9266
9360
9282
9657
9500
9500
9360
9298
9376
9376
9391
9406
9500
9516
9360
9470
9375
9329
9438
9422
9422
9438
9500
9594
9470
9423
9501
9516
9469
9360
9501
9547
9469
9407
9516
9438
9547
9531
9407
9407
9610
9485
9547
9563
9532
9672
9563
9485
9641
9547
9563
9501
9485
9547
9391
9579
9406
9562
9516
9562
9563
9469
9579
9594
9563
9548
9656
9687
9578
9719
9391
9469
9609
9500
9500
9672
9609
9375
9828
9360
9657
9625
9640
9500
9578
9610
9548
9688
9578
9547
9641
9610
9625
9547
9579
9500
9594
9578
9329
9376
9641
9688
9548
9672
9345
9485
9360
9579
10686
9563
9423
9454
9454
9485
9423
9485
9422
9438
9610
9548
9532
9891
9547
9516
10623
9547
9516
9470
9579
9563
9563
9563
9578
9563
9641
9594
10109
9625
9625
9688
9516
9516
9672
9594
9563
9532
9704
9641
9641
9688
9641
9672
9532
9672
9641
9641
11154
9594
9547
10233
9594
9641
9641
9703
9641
10108
9594
11170
9734
9844
9704
10826
9672
9859
9735
9579
9843
9859
9734
9594
9782
9688
9688
9719
9828
9718
10000
9672
9906
9765
9656
9796
9734
9828
9781
9735
9735
9922
9734
9750
9812
9750
9781
9843
9812
9796
9797
9781
9797
9828
9735
9766
9922
9735
9735
9828
9812
9765
9844
9828
9719
9797
9813
9875
9937
9937
9828
9984
9906
9750
9875
9859
9937
9984
10046
9906
9921
9874
9952
9890
9874
9906
9766
10031
10062
9875
10358
9952
10046
9844
9813
9984
9937
9828
9828
9984
9891
9953
9937
10140
9937
9984
9937
9937
9999
9937
10218
9922
9984
9875
9953
10062
9937
9952
9968
10156
9968
10031
10078
10031
9984
9953
9984
9953
10000
10031
10031
10498
10093
10078
9953
10187
10249
10031
10062
10093
10093
10062
10015
10078
10078
10046
10124
10109
10109
10265
10187
10187
10015
10015
10015
10015
10015
10031
10062
10140
10155
10062
10203
10031
10031
10015
10062
10171
10202
10171
10031
10015
10031
10015
10015
10016
10203
10016
10172
10031
10031
10202
10015
10436
10187
9999
10171
9999
10015
10000
10000
10171
10171
10202
10140
10202
10264
10000
10280
10000
10000
10031
10000
10250
10109
10172
12231
10172
10000
10250
11731
10296
9999
9999
10046
10249
10374
10234
10000
10249
10093
10156
10374
10077
10374
10202
10296
10421
10327
10203
10296
10015
10030
9999
9999
10311
10343
10109
10234
10156
10281
10156
10172
10156
10109
10171
10140
10171
10093
10218
10218
10093
10077
10280
10202
10265
10390
10000
10000
10140
10031
9999
10109
10311
10280
9999
10499
10093
10108
10030
10280
9999
10234
10187
10265
10000
10125
10234
10203
10265
10374
10155
10140
10546
10296
10203
10265
10358
10155
10093
10281
10281
10187
10530
9984
10218
10249
10000
10296
10312
10249
10171
10265
10390
10499
10062
10046
10234
10265
10342
10202
10546
10218
10280
10359
10499
10374
10342
10312
10031
10936
10218
10359
10187
10265
10483
10312
10515
10093
10187
10047
10078
10172
10172
11778
10249
10218
10296
10109
10343
10453
10171
10156
10218
10343
9891
10124
10265
10187
10717
10234
9969
10203
10047
10375
10421
9969
10218
10202
10016
9984
10296
10140
10328
10671
10078
10358
11482
10156
10250
11497
10077
10436
10078
11497
10125
9985
10281
10062
10171
9860
10125
9937
10530
9813
9984
9781
10016
9875
10452
10140
9999
10233
9797
11981
10015
10140
9766
10296
9750
10031
9735
9875
10016
9984
10016
9781
9969
10296
9907
10202
9766
9688
10047
9626
9781
10062
9922
9766
9860
9766
10702
9750
10062
9813
9719
9843
9609
10155
9843
9844
9813
10312
9516
9609
9875
10000
9953
9828
9844
9594
10015
10218
9766
9734
9828
9719
9672
10031
9625
9688
9609
9719
9906
9735
9812
9797
9750
9578
9687
9938
9735
9579
9673
9719
9641
9890
9812
9812
9937
9548
9844
9812
9703
9797
9813
9907
9672
9719
9594
9641
10015
9766
9532
9610
9984
9734
9625
9532
9765
9531
9641
9516
9766
9657
9875
9782
9626
9516
9766
10172
9922
9984
9812
9703
9859
9657
9673
9610
9719
9469
9688
9422
9875
9750
9750
9765
9828
9703
9891
9829
9578
9797
9578
9750
9672
9657
9548
10125
9626
9766
9999
9625
9750
9438
9750
9454
9953
9563
9267
9657
9891
9828
10109
9626
9704
9687
9953
10031
9703
9969
9844
9376
9454
9672
9345
9750
9672
9345
9968
9875
9657
9298
9844
9376
9375
9344
9439
9438
9360
9313
9454
9454
9407
11669
9439
9454
9594
9454
9438
9329
9469
9423
9657
9485
9517
9454
9454
9719
9392
9360
9454
9469
9672
9438
9439
9423
9688
9469
9469
9360
9579
9345
10078
9578
9688
9547
9579
9625
9532
9719
9672
9563
9391
9547
9719
9438
9485
9641
9517
9719
9657
9283
9548
9548
9251
9547
9672
9267
9439
9485
9563
9547
9516
9453
9454
9391
12059
9532
9532
9547
9547
9610
9516
9469
9625
9547
10141
9610
9657
9470
9625
9641
9641
9517
9672
9594
9626
9719
9532
9672
9735
9953
9860
9719
9656
14508
9750
9703
9532
9688
9704
9719
10374
9765
9687
9844
9501
17317
9626
9719
9672
9750
9875
9548
9595
15819
9501
9844
9548
9687
9532
9875
9594
9782
9875
9641
9828
9750
9672
11981
10967
9750
9673
9673
9626
9578
9734
9687
9687
10031
9657
9626
9735
9704
9704
9813
9610
9781
9687
9953
9625
9734
17441
10233
9579
9766
9626
9782
9766
9704
9609
9719
9641
9766
9844
9485
9719
9735
9797
9469
9719
9656
9828
9765
9532
9719
9719
9672
9797
9750
9563
9609
9547
9594
9859
9859
9719
9719
9438
9485
9657
9641
9813
9423
9656
9547
9531
9485
9469
9657
9813
9985
9704
9501
9594
9594
9563
9579
9578
9516
9828
9672
9625
9641
9641
9563
9781
9688
9610
9657
9626
9625
9610
9563
9641
9579
9516
9719
9704
9516
9734
9719
9688
9875
9422
9485
9625
9485
9938
9719
9626
9750
9407
9641
9361
9688
9454
9766
9734
9688
9813
9735
9688
9673
9782
9407
9704
10436
9672
9657
9485
9641
9532
9407
9625
9516
9734
9641
9641
9626
9485
9454
9610
9672
9516
9531
9687
9438
9531
9391
9937
9563
9392
9751
9392
9641
9578
9531
9547
9391
9376
9626
9719
9610
9517
9469
9563
9610
9672
9594
9516
9641
9656
9719
9438
9422
9563
9610
9391
9563
9641
9392
9595
9501
9657
9657
9282
9391
9828
9937
9782
9548
9360
9578
9703
9360
9672
9422
9672
9407
9906
9423
9407
9329
9407
9719
9578
9532
9438
9392
9688
9641
9391
9345
9797
9423
9438
9345
9282
9267
9267
9392
9376
9407
9422
9297
9438
9501
9329
9438
9438
9454
9469
9392
9439
9313
9516
9469
9454
9500
9470
9438
9547
9453
9469
9438
9361
9298
9501
9360
9439
9594
9453
9500
9453
9282
9532
9563
9750
9532
9376
9516
9438
9360
9360
9407
9314
9485
9360
9625
9251
9469
9547
9906
9235
9361
9501
9313
9438
9922
9485
9532
9423
9532
9205
9282
9750
9391
9345
9625
9282
9625
11794
9672
9454
9360
11060
9454
9859
9438
9547
9485
9392
9173
9158
9251
9344
9173
9391
9345
9376
9688
9298
9360
9282
9329
9345
9111
9298
9470
9454
9454
9126
9111
9111
9126
9251
9204
9095
9469
9173
9345
9890
9204
9282
9610
9594
9095
9407
9375
9173
9298
9391
9407
9361
9189
9142
9220
9220
9500
9188
9220
9173
9173
9470
11809
9750
9282
9173
9298
9361
9688
9126
9235
9485
9251
9251
9314
9329
9360
9251
9205
9360
9391
9376
9173
9345
9345
9329
9423
9345
9235
9750
9376
9157
9251
9609
9220
9469
9173
9298
9158
9313
9157
9251
9158
9516
9375
9157
9407
9485
9469
9313
9500
9282
9282
9454
9345
9376
9314
9095
9298
30077
9500
9329
9236
9626
9345
9438
9282
9438
9391
9360
9080
9064
11591
9360
9548
9283
9376
9173
9438
9095
13822
9376
9219
9111
9454
9345
9204
9469
9361
9111
9251
9204
9173
9126
9204
9189
9204
9220
9344
9204
9220
9735
9189
9282
9282
9314
9236
9220
9314
9127
9313
9173
9298
9329
9251
9235
9329
9204
9266
9189
9189
9423
9813
9329
9438
9251
9578
9204
9360
9235
9235
9313
30061
9236
9251
9392
30077
9313
9282
9142
9407
9173
9126
9141
9204
9126
9220
9313
9313
9314
9298
9345
9345
9157
9313
9422
9438
9126
9142
9391
9236
9220
9251
9313
11450
9485
9313
9251
9313
9297
9110
9126
9329
9267
9392
9173
9095
9298
9188
9282
9422
10811
9563
9173
9391
9407
9267
9220
9204
9095
9314
9376
9297
9360
9204
9298
9345
9407
9439
9953
9220
9345
9298
9344
9391
9407
9501
9423
9438
9266
9251
9344
9423
9235
9298
9345
9391
9609
9501
9532
9251
10297
9422
9516
9267
9391
9454
9454
9454
9375
9376
9251
9282
9454
9469
9469
9173
9454
9485
9360
9313
9516
9391
9438
9391
9376
9485
9454
9282
9345
9516
9267
9313
9313
9344
9516
9297
9235
9641
9453
9376
9126
9126
9095
9266
9297
9079
9064
9141
9251
9188
9314
10905
9002
9453
9188
9360
8845
9001
11513
9095
8970
12964
8908
8986
9173
9220
8986
9094
8954
9016
9282
9173
9032
8845
8939
9282
9063
9032
9064
9048
9110
9001
9079
8783
8767
9640
8845
9032
8829
9048
9094
9002
9173
9063
11295
8939
8830
9328
8924
8955
8799
8751
8845
9048
8798
8955
8767
8938
8829
8908
8721
8612
8580
8751
9095
8595
8923
8658
8846
8674
8643
8721
8627
8720
8720
8908
8627
8564
8611
8845
8704
8814
8642
8704
8705
8892
8767
8736
8673
8689
8954
8611
8564
8736
8705
8752
9048
8814
8673
8798
8845
8502
8814
8814
8456
8892
8814
8736
8923
8752
8798
8798
8861
8845
8799
8596
8549
8580
8564
8720
8705
8767
8876
9220
8736
13681
8861
8471
8595
11170
9298
8595
8658
8237
8252
8877
8658
8221
8596
8986
8424
8549
10452
8470
8331
8081
8377
8049
7504
31403
31450
69982
69842
69779
64600
39702
39702
125
39780
39718
39718
39796
39827
328
39858
40077
39858
265
281
39967
250
312
39952
93
46
62
47
280
218
63
172
40077
40123
40061
265
219
40076
265
40155
109
40092
265
171
250
624
266
188
234
374
109
140
203
515
172
219
188
187
40232
187
405
47
344
93
249
250
296
375
266
250
390
250
280
203
281
281
266
421
952
296
78
297
327
46
40139
218
312
343
343
202
280
187
47
265
530
188
172
266
47
281
93
390
250
249
624
93
405
250
344
499
125
281
265
78
78
156
405
280
296
421
172
281
312
266
172
63
171
187
62
344
140
156
218
421
249
296
328
312
312
281
281
40061
281
358
1419
40061
250
562
297
203
78
110
172
328
40030
562
468
266
546
281
218
265
297
219
94
250
265
78
374
375
47
156
156
249
203
109
358
2059
374
218
203
328
172
483
249
515
141
171
609
421
188
125
468
733
469
281
110
234
109
250
546
250
234
265
1295
312
265
499
125
141
203
265
374
468
296
422
265
250
156
421
280
328
187
250
297
546
328
436
436
280
296
421
234
110
468
530
156
62
203
140
78
140
125
141
249
390
172
609
188
172
249
265
530
265
421
562
296
344
187
327
296
141
297
359
187
421
281
327
46
343
171
280
250
219
141
327
312
297
406
234
531
422
203
62
265
343
281
156
281
281
421
312
203
297
46
265
328
249
39281
16
375
343
390
46
47
374
390
218
374
266
171
593
281
266
437
312
124
327
312
218
593
281
562
297
140
265
421
94
421
188
125
15
483
374
218
172
39359
109
437
219
156
109
343
203
156
39328
39328
39468
125
156
266
171
343
125
546
265
39390
39531
156
250
187
39546
250
359
39593
218
219
188
39594
421
39562
328
374
421
327
296
312
343
39624
39671
47
140
39547
421
203
468
39343
39656
16
234
39593
47
39593
405
374
499
406
546
203
39516
62
359
608
374
39546
561
436
39421
250
266
141
297
468
265
219
343
327
312
171
530
156
234
172
437
234
39516
39499
655
156
281
234
203
39640
202
265
265
39890
218
125
203
281
219
202
280
250
234
437
218
39624
296
234
39531
141
297
297
390
889
39765
39780
156
421
218
359
39686
312
265
296
374
531
94
125
359
140
296
281
125
141
234
406
39593
421
265
374
359
359
359
468
437
421
39702
124
421
250
40513
140
359
203
203
421
141
187
421
390
374
343
187
218
39812
484
328
39702
39780
608
483
452
39531
359
453
406
250
39796
312
468
437
484
39687
280
702
265
359
39781
515
359
375
390
421
39484
374
359
281
39593
39515
265
421
484
39562
359
374
639
39593
39608
358
406
39609
39625
39609
343
2387
421
39624
421
39671
39702
39624
39687
39718
39734
39703
624
39594
531
843
39625
453
577
39780
562
468
609
593
39687
609
531
39547
39609
468
577
468
436
2200
39703
453
39625
39671
671
39843
39998
514
359
406
577
796
608
624
406
39984
578
39937
39578
421
655
733
624
577
780
39640
577
546
561
39593
592
718
608
515
686
530
39609
39469
484
671
734
546
515
702
39375
39577
390
640
843
609
39687
811
39686
39718
452
39609
39531
39578
39344
687
655
733
515
609
39890
562
1154
546
546
546
39484
593
39609
624
468
39796
702
515
39468
452
577
561
484
359
577
468
436
40202
608
671
593
1029
39718
515
514
686
952
1045
577
562
593
686
593
468
609
39656
858
624
904
592
468
530
39796
515
609
562
39718
39547
640
39593
39671
39718
561
546
764
624
39734
39609
39687
640
40045
608
561
577
593
39562
39593
670
639
686
686
39702
39733
577
686
39796
39640
39562
717
639
858
39827
718
702
687
624
687
39656
39764
670
639
39453
39624
39749
687
780
671
936
39640
765
40856
702
686
780
780
811
811
780
39624
39734
780
795
811
826
842
39687
39562
39547
874
780
826
858
39624
1108
889
39515
904
39671
39313
764
936
905
39640
967
39625
967
858
998
889
998
39656
889
1045
905
842
827
968
1124
3198
39546
39718
1107
39640
39625
1030
39671
842
998
39655
858
39609
936
1124
999
39406
1123
39328
39687
843
952
39530
39437
39406
39297
1076
1155
39422
1077
1076
1076
39531
1076
967
39390
1248
843
982
827
1014
827
967
968
874
1124
812
1061
40482
827
843
39421
1045
1060
1154
858
967
1045
1139
889
827
1061
1014
39562
951
889
1061
967
982
920
1060
967
936
1061
39531
1046
827
1061
983
827
1030
952
983
936
39499
1029
826
1123
967
967
920
1202
1029
2433
967
39530
1154
889
874
1030
1030
1014
1046
1061
1076
1263
39562
1045
39281
39546
1326
39608
1076
1139
905
1202
1030
1124
983
1202
1295
39531
1014
2605
983
39562
1014
1029
1045
1076
39515
1201
39656
1264
1263
39250
1092
1123
998
1077
1513
1497
1092
1263
967
1186
1046
2621
998
39562
1092
39359
1186
39562
1794
1092
1248
42198
1185
39484
1108
39686
39265
39328
1280
39282
1248
39375
39359
39375
39344
1186
1060
1888
1139
1108
1186
1545
1123
1185
1217
1170
1123
1279
1216
1263
1248
1061
1061
1061
1186
39359
39406
1280
1326
1263
39577
39250
1264
1279
1279
39094
1232
1404
1295
1373
1170
1186
1326
1263
1450
1279
1248
1326
1264
1326
1295
1248
1279
1310
1139
1201
1294
1294
1326
1310
2746
39406
1217
40045
1295
1170
1170
1279
1264
1467
39578
1232
1326
1295
1311
1310
1435
39312
1139
1388
1326
1389
1373
1482
1232
1513
1450
1372
1420
1466
1326
1139
1186
1420
1217
1389
1263
1388
1389
1217
1389
1404
1388
1373
1404
1701
1404
1373
1357
1965
1263
1295
1388
39422
1279
1295
1435
1389
1388
1388
1294
1435
1622
1514
1467
39500
1623
1467
1654
1263
1295
1451
1467
1607
39484
1513
1310
39281
1357
1388
1420
1280
1467
1280
39266
41574
1404
1700
1264
1373
1654
1435
1404
39187
1279
39172
39203
1420
39297
1451
1373
1342
1248
1466
1451
1420
39297
1466
1295
39328
1544
1497
1326
39266
1419
39234
1545
1373
1545
1545
1310
1451
39125
1451
1342
1420
1435
1404
1404
1326
39282
1653
1404
39281
39250
1498
39266
1576
39313
1545
39126
1685
39203
1389
1404
1232
1294
1762
1404
1420
1513
1420
1404
1311
1482
1295
1326
39266
39235
1341
39187
1544
39266
39375
1404
3120
39282
1451
1373
1419
1373
1404
1388
1420
1342
1482
39125
1435
1529
1373
1436
39328
1794
1388
1451
1435
1342
1466
1466
1513
39296
39188
1357
1451
1638
1358
1358
39328
1513
1404
39390
1701
1591
39437
1357
1528
1498
1529
39328
39655
39344
1482
1497
3229
1654
1576
39297
1591
1498
1560
1420
1498
1700
1326
1498
1545
1592
1326
1295
1607
1560
1622
1560
1528
39764
3073
1794
1513
1654
1576
39250
1592
1810
1341
1373
1357
1420
1731
1560
39500
1591
39406
1420
39406
1716
1514
1342
1544
1638
1638
1545
1529
39405
1372
1685
1498
1592
39375
39218
1482
39374
1467
1622
4524
1497
1872
1622
39234
1763
1513
1560
39001
1575
1497
39359
1607
39156
39250
39437
39733
1965
1622
39281
1841
1591
1841
39687
39546
39359
1513
1560
1685
1654
39640
1841
1622
1606
39405
1513
1607
1732
1841
39593
1529
1669
2309
1591
1685
1529
1700
39546
1591
39250
1701
1654
1732
1653
1731
38984
1622
1498
1732
1607
1576
1700
1638
1623
39079
1778
1794
39203
1747
1700
1653
1544
1684
1653
1654
1794
1794
38844
1841
39297
39094
1825
1622
1653
1840
39546
1544
1544
39032
1731
1747
1763
1872
1576
1950
1778
1872
1669
1778
1747
1747
1872
1732
1716
1669
1576
1903
2044
1513
1763
1996
1684
39530
1966
1779
39188
38845
1669
1810
39000
1576
1560
1716
1981
1809
1996
1638
39234
39593
1638
1732
1732
1576
39032
1716
1872
1747
1716
39000
1747
1747
1700
1700
1654
1700
1732
1607
39203
2059
1794
1669
1997
1888
1716
1701
39032
38766
39063
1716
38751
1888
2028
39063
2044
38720
1997
1592
39031
1779
1809
1825
1654
1810
38844
1779
1857
1888
39078
1856
1872
1966
1685
1918
1762
2028
38985
1934
1903
1872
1779
1872
1840
2012
1762
1934
1872
38860
2138
1826
38594
38750
1841
38688
2106
1966
1841
38922
1825
1887
1965
38875
38657
38766
2199
38563
38688
1903
38938
38954
1903
38750
38797
38875
1810
1997
1997
2013
2044
1965
38891
1872
38579
1825
1841
1997
38797
38703
2012
38657
1825
1825
2091
1997
1872
2028
38797
38720
2043
2059
39000
38766
38579
1826
2028
38704
2028
2075
38797
2262
1841
1840
38751
39266
2060
38719
1919
1981
2090
38782
2043
38813
1966
39109
38797
2044
2122
38470
2231
38828
2043
2028
1997
2075
39032
2028
2246
2090
38704
38766
38673
38657
2528
38642
2075
38501
38828
38641
2137
2074
2106
2090
38797
38579
39031
2372
38720
2121
38392
2122
2169
38641
1966
2106
38454
2013
39032
38579
38876
38797
38688
2231
2387
38688
39031
39110
2293
38672
1794
38595
38595
38626
38672
2309
2106
1841
38423
38657
38517
2074
2387
38517
2028
1997
38376
38501
38579
2075
38501
38750
38532
38673
38797
38423
38548
38704
38688
2091
38564
2122
38392
38704
38485
38377
38392
38439
38408
38766
48470
38860
38361
2121
38391
38376
38360
38267
38267
38454
38096
38235
2324
38485
38158
38080
8673
38220
38329
38189
38236
38392
2387
38158
38205
38111
38111
2137
38282
38267
2465
38064
38142
38298
38267
38142
38049
38158
38127
38220
38251
38595
2434
38314
2402
38189
38096
38235
38345
38345
38158
38127
38283
38563
38111
38423
38189
38204
38283
38205
38423
38329
38283
38267
38205
38361
38189
2153
38064
2122
38235
47908
38563
2075
2044
2044
38142
38298
2169
38158
37877
37877
38329
2121
2199
38282
3916
37846
38267
37987
2075
38127
38221
2278
38080
2091
38189
2122
38267
38111
38142
38017
38157
2074
38205
2059
38236
38501
37768
38376
38143
2450
2278
37846
38049
38033
37721
38033
2247
38408
37971
37689
37939
37799
2168
38641
37893
38064
38002
38174
38345
38049
37674
37846
37892
38251
38470
37877
38080
2090
37924
37893
37908
37581
38298
37877
38001
37736
37923
37596
38017
37908
38470
2184
38127
38236
38033
2121
38018
38033
38392
38002
37674
37939
37736
37971
37861
37565
37580
37924
38095
2184
37814
37799
37674
38111
37784
37643
37736
37846
37861
37783
2449
38048
37815
37908
37845
37658
37752
38189
37877
37690
2465
37799
2168
37674
2231
37846
37705
38392
38002
38766
37861
37721
38064
40576
37767
2215
37737
37721
2246
37705
37753
37830
2137
37487
2293
38189
37846
2340
37628
37628
37799
37689
2293
37815
2028
37581
37737
37893
37768
2216
37799
2184
2184
2247
37753
37814
37658
37472
37784
37674
37721
2387
37612
37862
37534
37628
37456
37767
2059
37846
2184
2262
37549
37783
37612
37831
2496
2262
37706
2122
2153
37424
37768
37409
37612
38096
37612
37705
37877
37908
37487
38017
38064
37721
2402
37815
37799
37612
2028
2059
37362
2449
2184
2168
2199
37814
37518
2371
2387
37846
37690
2465
37737
37471
37767
37721
38048
2230
37689
37455
37424
1966
37300
2059
37581
37643
1997
2325
37581
2200
37409
37612
37627
37612
37565
37736
2262
37784
37378
37689
38360
37658
1981
2090
37456
37627
37675
37628
37581
40685
37347
1997
37331
2434
37316
1997
37690
2309
38064
37456
1903
37643
37784
2012
37393
2184
2043
2137
37315
37533
2044
37284
2231
37705
2246
2309
1997
37409
37425
2028
37784
37471
37627
37222
37285
37441
37285
37268
37705
1965
37487
37674
37222
37752
37175
37206
37159
37175
1950
37347
37347
37565
37752
37519
37487
37519
2028
37550
2090
2090
2277
37596
37269
37409
37471
37425
2574
37425
37097
37113
2418
37082
2091
2309
37363
37081
37643
37456
37097
37190
37331
37284
37534
37752
37815
2199
37393
37175
37066
37222
37019
37425
37347
37315
37268
2512
37658
37315
37393
37394
37097
37347
37253
37346
37502
37518
2605
37003
37799
2106
2121
38126
37253
36988
36972
37316
36988
37112
37144
37144
37206
2153
2278
37066
2418
37253
37159
37175
37346
37253
37159
2184
37191
36972
2340
36972
37128
37596
2293
37128
37144
2184
37175
37143
37128
37050
37299
36987
36957
37081
37315
37113
2387
37222
2246
2199
2200
37144
36770
37128
2355
2121
2340
36723
37035
37051
36847
37456
36925
36676
37160
2231
37674
37066
2168
37128
37253
2230
37097
2184
36754
37206
37269
37066
36645
37222
2184
37082
36676
37066
37222
36692
36754
36863
37269
2340
2231
2262
36878
36660
2262
2184
37222
36832
2215
2418
37300
36926
36645
36926
37378
36801
36863
36691
37237
37284
37081
36910
36832
2200
37253
36972
36582
36567
2449
2230
37284
2308
37268
36707
36551
37299
36551
2231
2200
37300
2215
2496
36847
2278
2262
36785
37253
36832
2215
37253
36972
36848
2231
36863
36582
2387
36738
36848
37377
36535
36582
2418
2230
36613
36879
36925
36910
36660
36863
2262
36614
2309
37409
36894
36660
37097
36660
36832
36910
36567
36863
36863
36879
36894
36645
36894
36567
36566
2308
37455
36925
2324
2433
2293
36879
2293
36738
37003
36660
36660
36723
2340
36723
36614
36973
2293
36613
2403
36801
36941
36675
2293
36645
2324
36847
36707
2434
36770
36707
2294
36739
2418
37066
36863
36707
36738
36738
2340
36769
2402
2308
2870
36847
36925
2465
37378
37097
36770
36817
2356
36691
2340
37300
36801
37019
36816
36769
36738
2340
4290
36847
2371
2356
2418
36817
2356
2496
36817
40498
37206
36800
2387
37050
36629
36800
36800
2433
2496
36894
2418
4321
36629
36894
37191
36863
36769
36878
36956
2542
36831
2386
39842
36894
39687
36769
2402
2402
36707
2465
36629
36925
36910
2402
37487
2433
36644
36910
36801
36894
37721
36644
2511
36894
36629
36941
36769
36629
36769
36941
36754
36739
36895
36583
36583
36848
36863
2465
36691
2667
2465
36582
36926
2481
37003
2574
2511
36894
36675
2512
37300
36863
36941
36832
36879
2528
36770
36739
36817
2558
2558
2527
36988
36832
36348
36769
2574
36831
36863
36785
36894
36816
36909
36847
2574
36707
2574
2683
36801
36473
2543
36739
36707
36395
36707
2589
36738
36239
36894
37191
36738
36161
36192
36535
36722
36473
37065
36348
36738
36707
36816
36816
36083
2714
36738
36660
36707
36333
36739
2715
36333
36380
36005
37112
36941
36692
36145
36613
37159
2714
35802
2683
36582
35771
36426
36645
36598
2730
36224
35740
36520
36644
2761
36879
35865
35678
2715
2715
36458
2730
36832
37191
2730
36909
2730
36317
35552
36457
35553
2730
36551
35833
37066
2761
36208
35662
36067
36083
36271
35740
37300
36520
36691
2792
36036
36021
36052
36426
36926
35880
35834
35927
36208
36114
35350
36395
2761
35334
35318
36083
2761
39764
35303
2824
35865
36286
35771
36598
35881
2808
2980
35927
36364
2793
36099
36645
2792
36988
2870
2777
35318
36613
36520
36504
35147
2886
2793
35085
36129
35802
2948
35880
36660
35069
35256
35646
2808
36301
2917
35818
2855
37097
35069
2886
35007
35584
35600
35537
36645
2808
36473
35584
36566
35615
35506
2886
36832
35927
35194
35678
36426
35194
35708
35287
2886
2886
35646
2917
35771
35225
2964
2964
35662
35569
36270
2964
2855
34757
35194
35069
3011
35646
2917
35366
35537
2855
2995
2979
36051
34944
36473
35349
35396
2995
2917
35865
35319
2870
34944
35241
35537
3011
35210
36052
35553
35569
34196
3011
2995
34897
35927
34164
35459
36473
35381
34086
35241
3027
2949
34632
2917
35209
35303
35115
35256
35334
34882
3011
35225
35194
35475
35085
34866
33775
34929
36754
31856
35069
34523
34601
34351
34523
35147
34226
34102
2995
34694
36114
35084
35022
34523
35100
3042
35116
34414
36956
35303
35084
34538
3088
3073
3167
35069
35022
35054
2949
33931
37347
35147
34944
34960
3104
35428
35319
2964
35537
2949
35131
3089
34492
2980
2980
34445
3042
2980
3152
30748
35287
34367
35147
3042
34133
3089
3058
36036
34804
34617
3026
35178
34117
3026
3120
31684
33306
3074
32027
3135
3073
3057
3104
3026
3089
34383
3105
3105
40295
3042
3229
3057
35443
3057
3073
3073
3214
3042
3198
31621
3151
3245
3120
3183
3105
3261
35381
3183
3120
3088
3182
3104
3152
3307
3136
3260
3182
3291
3432
3151
3198
3213
3213
3260
39281
3510
3339
3229
3229
3213
3448
3323
3417
3385
35085
3276
3322
3307
3651
3401
3338
3354
3369
3369
3385
3370
3386
3416
3385
3478
3713
3448
3479
3541
3604
3557
3510
3572
3572
3557
3588
3604
3557
3588
3541
3557
3634
3572
3634
3620
3604
3603
3666
3588
3619
3713
3713
3650
3713
3666
3697
3697
3744
3682
3697
3698
3744
3713
3837
3744
3807
3713
3744
3744
3775
3822
3822
3806
3760
3822
3822
3790
3806
3775
3838
3869
3869
3807
3838
3854
3838
3853
3822
3978
3822
3853
3868
3853
3869
3868
3962
3932
3993
3900
3931
3931
3931
3994
3931
3994
3963
4041
4025
3932
3994
3994
3963
4041
4025
37627
3993
3978
4024
4088
4087
4009
4102
3993
4118
4072
4088
4072
4165
4087
4103
4166
4119
4181
4150
4212
4134
4150
4258
4181
4165
4243
5070
4290
4290
4305
4290
4306
4353
4399
4415
4430
4431
4477
4462
4493
4493
4509
4508
4508
4586
4539
96253
4602
4586
4649
4649
64569
4711
4726
4680
64600
4695
4680
4774
4774
4711
4743
95816
4774
4758
4805
95800
95800
4804
4804
4789
4789
4852
4805
64803
4805
4977
4882
4851
4882
4852
4899
95644
4929
95644
4945
4821
94926
4867
4992
4867
94864
4992
4977
4977
5008
64928
4961
94568
94568
4976
65021
64974
64990
5023
5070
5054
65036
5194
5023
65037
5054
5054
65037
65037
30171
5102
5148
65161
65115
5211
5180
65224
65255
5163
65255
40716
65177
65146
65209
5241
5163
5179
5288
65208
65286
65240
65224
5258
90012
5210
5289
5257
65240
5258
5351
5258
65271
5288
5226
5335
65317
5242
5304
5366
40061
5366
5398
5336
65287
5351
5366
5335
5289
5351
5351
5289
5335
65380
5429
65458
65411
5351
5336
5382
5289
65458
5367
5382
5397
65489
65536
5460
5414
5444
5382
5445
5476
5429
39546
5367
5397
5335
5429
5460
5382
5382
5475
5445
40763
5460
5413
5475
5522
5397
5429
5429
5414
5398
5460
5522
5444
5397
5460
65661
5445
5413
5445
65629
5616
65630
65739
5429
5444
5522
65770
65723
5553
65692
5507
5585
5507
5600
5616
5538
5569
5522
5647
5538
5523
5554
5584
5662
5631
5584
5647
5616
65848
5663
5585
5679
5616
5600
5663
5663
5616
5678
5663
5647
5663
5756
5788
5648
5725
5819
5819
65911
5819
5740
5725
5710
5741
65942
5772
5756
5772
6677
5819
5850
5881
5819
5788
5866
5788
5897
5834
5819
5912
5881
66144
5928
5928
5819
5897
5897
5835
66207
66144
5834
5912
5897
5897
66113
5881
66207
5975
5897
5943
5943
5943
5881
5944
5944
5850
66348
5882
6006
6053
6006
5881
5881
5913
5975
5912
5959
5959
5959
5959
5928
66160
6022
5975
5991
5959
6006
5990
5881
6037
6022
6021
6084
6068
5943
6022
66269
6178
5913
6053
5959
6177
5912
66254
66285
5913
66347
6021
6162
66332
6100
6021
5928
6084
6099
6100
6022
6084
5943
6130
6146
6162
6271
6053
6178
66426
6116
6100
66487
6021
66409
66363
6053
6021
6115
6100
6115
66425
6100
6240
6006
6052
6287
6146
6146
66379
5991
6022
6412
6006
6116
6068
6115
6099
66503
6006
6006
6271
6053
66503
6099
66534
6084
6193
6146
6131
6068
6162
6100
6038
6022
6084
6100
6115
6147
6100
6084
6037
6084
66534
6084
6084
6115
6224
6178
6318
6115
66753
6131
66519
6146
6162
6116
6116
6240
6162
6146
6146
6115
6209
6256
6147
66643
6193
6131
6225
66784
6271
66628
6193
6146
6146
6225
6256
6287
6240
6177
6225
6271
6177
66752
6318
66690
6240
6240
6256
6287
6256
6194
7286
6194
6302
6287
6318
6411
6286
6318
6334
6302
66769
6365
6365
6302
6333
6318
6396
6364
6302
6349
6474
6302
6380
6287
6333
6396
6302
6349
6364
66800
6443
6365
66909
66800
6350
6428
6412
6334
6443
6318
6318
6412
6490
6381
6381
6458
6458
6380
6396
66986
6318
6396
66909
6334
6412
6334
66955
6411
6349
6505
6396
66909
6443
6412
6443
66909
6552
6506
66987
6349
6489
6334
67018
6474
6520
6520
6333
6489
67096
6349
6458
6568
6474
6396
6537
6537
6350
6459
6505
6536
6489
6661
6411
6537
6521
6396
6459
6583
6459
6443
6459
6537
6443
6411
7612
6520
6458
6520
6599
6443
6443
6428
6412
6599
6645
67158
6396
6583
67080
6443
6505
67252
6598
6411
6505
67112
6412
6599
6443
67143
6615
6505
6536
6505
7628
6536
6521
6505
6630
6567
6442
6505
6520
6583
6521
6521
6646
67252
6568
6459
6521
6818
6521
6599
67127
6490
6537
6537
6599
6599
6630
6536
6598
6583
6490
6568
6490
6646
6599
6630
6630
6661
6552
67221
6583
6583
67221
6537
6598
6567
6645
6645
6692
6630
6661
6568
6646
6583
6552
6802
6615
6646
6599
6615
6583
6536
6583
67143
6677
67159
67190
67205
6661
6598
6598
6598
6676
6676
6598
6630
6646
6661
6692
6646
6677
6646
6630
67205
67392
6692
67237
6646
6771
6661
6708
6864
6661
6786
6614
6723
6739
6723
6739
6692
6754
6848
6771
6911
6677
6708
6692
67314
6802
6786
6801
6770
6755
6818
6802
67392
6879
6739
6755
6739
6973
6786
6848
6832
6786
6802
6802
6802
6833
6802
67486
6802
6880
6802
6849
6864
6848
6895
6801
6880
6942
6864
6879
6911
6911
6848
67533
6942
6911
6879
6864
6911
6910
6926
6926
6973
6896
6895
6957
6958
6942
6942
6957
67548
6926
67611
6942
7036
6974
67595
7020
67611
7067
7223
67735
7098
7020
7051
7114
7114
7083
7113
7082
7020
7051
67673
7114
7051
67704
7051
7130
7083
7020
7098
67751
7145
7035
7144
7160
67736
7176
7067
7176
7160
7129
7176
7176
7161
7114
7192
7270
7145
7051
7223
7161
7114
7207
7238
7144
7144
7191
67860
7192
7223
7176
7301
7239
7114
7161
7160
7176
7254
7222
7176
7160
7098
7285
7301
7270
67876
7145
7098
7269
7223
7207
7098
7191
7223
7207
7192
68032
7223
7082
8252
67860
7301
67907
7394
7269
7316
7301
7192
7301
7098
7301
7363
7114
7301
7348
7317
7270
7145
7254
7207
7270
7316
68032
7316
7207
7176
7363
67985
7317
7208
68063
7363
68032
7207
7472
7222
7300
7223
7270
68219
7223
7145
7301
7317
7269
68266
7316
7114
7410
7286
7363
7192
7379
7285
7238
7378
7394
7176
7223
68188
7348
7520
68204
7207
7332
7207
7332
68235
7426
8518
7364
7176
7145
7176
7332
7161
7332
7145
7441
7363
7160
7347
7222
7363
7644
7160
7410
7316
7316
7457
7223
7364
8533
7316
7675
68375
68328
7504
68547
7238
68422
68359
7363
7597
7316
68438
7535
7379
7239
68500
7222
68437
7222
68422
68391
7379
7285
68546
7301
7363
7441
7348
7239
7332
68469
68438
68641
7441
7254
7457
68594
7301
7379
68610
7410
68532
7675
8736
7363
7473
7348
7300
7488
7472
7285
7285
7348
7379
7582
7270
7457
7535
7504
68672
7379
7269
7378
7270
7488
68688
68625
68671
68703
7441
68702
7472
68594
7332
68999
68671
68625
7426
68781
7301
7410
68562
68734
68796
7488
7410
7551
68719
68547
7472
7472
7472
7535
7504
7551
7457
7473
7519
68703
68687
7410
7691
68609
68859
7332
68828
68765
7316
7535
7332
7551
7395
7457
7457
7581
68765
7426
7597
7425
7347
7456
68750
7441
7395
68843
68796
7504
7941
7410
7316
7301
7753
69077
7878
7425
7488
7550
68843
7613
7613
7550
7363
68812
90075
7426
7379
7628
7410
7551
68875
7659
7534
7659
7550
68890
7644
68874
7660
7597
68906
7535
7473
7379
7472
8112
7628
7644
68936
7550
7503
68858
68858
7363
68874
68968
7473
69061
7473
7316
68906
7566
7410
7581
8080
69093
7488
68984
7457
7457
7441
69030
7441
7628
69124
68999
7426
7488
7535
7707
69234
69202
69311
69171
69327
7910
7504
69265
7364
69171
7519
69062
69139
7347
69140
7582
7566
69327
69109
8144
8112
69358
7644
7441
7581
69374
7394
7488
69327
7659
69467
69140
7566
7551
69249
69405
7488
69311
7659
7597
7504
7582
7520
7566
69389
7706
69421
7566
69545
7534
7644
69295
7410
7472
7566
7644
7597
69389
7629
7504
69326
69389
7675
7628
7597
7535
7551
7582
7675
69404
7691
7691
7566
7597
7504
69452
7613
7597
7644
7597
7582
7785
69592
7629
69483
7582
7519
7847
7909
7660
7691
7722
7457
69467
69483
7613
7613
8034
69467
7722
69577
7441
69514
7519
69529
7503
7956
7644
7660
7441
69405
7504
7722
7690
7659
7691
7551
7535
69623
7550
9485
69530
7551
7675
69592
7456
69389
7550
8190
7956
7675
7519
7473
7644
7472
7706
69701
69436
7722
7676
69779
7644
7644
7675
7691
7582
7566
7675
7753
7581
7519
7597
7597
7520
69780
8315
7660
7644
7676
7472
7597
7722
7769
7597
7690
7660
7800
69873
69873
69608
7660
7628
7613
7675
7566
7628
7644
7722
7785
7551
69499
69452
7550
7659
7737
70918
7597
7581
7628
69795
7722
7691
69451
69748
7644
69560
7815
69576
7738
7847
7660
7754
7676
7784
7737
7831
7722
7690
7581
7675
7581
7862
7753
7784
7598
7644
7722
7566
9718
7768
7659
69639
7535
7847
7784
7769
7737
7769
7690
7784
7706
69592
7660
7785
7722
7847
7816
7816
7644
7675
7831
7675
69530
7972
7893
7925
7909
7784
69654
7769
7644
7894
69733
7737
7659
7753
7707
8034
7675
7660
69701
7675
7722
7644
7660
8112
69716
7769
7738
7722
7722
7644
7878
7893
7737
69810
7894
7925
7878
7878
7754
7753
69810
7972
7613
7659
7940
7690
7894
8065
7675
7800
7832
7769
7644
7581
8081
7706
7909
7878
7660
7987
8019
7768
7628
7582
69966
7582
8112
7722
7847
7691
7581
7722
7971
7675
7831
7722
7691
7644
7706
7769
7769
70076
7706
7706
7722
8143
7909
7690
7722
7769
7691
7816
7691
7660
8268
7613
7737
7831
7613
7784
7831
7675
7691
7816
7956
7769
7769
7722
7800
7675
7800
7784
7753
7690
7768
8252
7707
7613
7613
7769
7831
7628
7769
7613
7753
7738
7863
7831
7691
7816
7894
7660
7629
7628
7753
7846
7753
7753
7769
7738
7644
7832
7691
7784
8455
7769
7660
7722
7846
7659
7971
8143
7706
7972
7832
7737
8096
7753
7878
7753
7831
7909
7784
7800
7878
7910
7878
7987
8034
7909
7815
7971
8002
7894
7971
7831
7862
7940
7909
7987
8003
7909
7878
7972
7971
7924
8127
7956
7987
8034
8003
7941
8065
8003
8081
7972
7987
7862
7847
7909
8081
7831
8081
7847
7894
8128
8112
8065
8221
7956
8065
7894
8081
8018
8221
8112
8065
7785
8346
8174
8268
7894
8268
7800
8066
8112
7863
7941
7894
8143
8096
8096
7972
7988
8128
7972
8237
8159
7863
7941
8128
8143
8034
8096
8252
7784
7956
8159
7925
8112
8456
7925
7941
7971
8096
7847
8034
8097
7941
8143
7956
8206
8034
7987
8018
7956
7909
7847
8112
8018
7956
7909
7800
7847
8049
8050
7816
7894
8096
8034
7847
8003
8050
8128
7894
7816
7863
7925
8424
7862
7971
7847
7831
7972
7941
8002
7878
7893
7893
7893
7956
8003
7987
8268
7909
7941
7910
7925
8144
7971
7940
8065
7894
7956
7987
8003
8002
7925
8003
7987
7940
7941
7910
8003
8081
8081
7894
7894
7878
8019
7878
8018
8065
7956
8019
7971
8034
8127
8096
8112
7940
8096
8128
8175
8112
8034
8159
8034
8003
8003
8096
8050
8112
8127
8018
8408
8206
7987
8393
8205
8252
8283
8003
8205
8159
8315
8221
8221
8299
8174
8221
8128
8221
8127
8159
9703
8128
8175
8174
8221
8158
8065
8144
8315
8206
8144
8143
8253
8081
8237
8221
8330
8158
8190
8299
8190
8222
8580
8175
8237
8393
8143
8097
8222
8222
8612
8034
8534
8253
8081
8362
8003
8548
8159
8065
8128
8471
8205
8330
8424
8050
8159
8331
8066
8144
8222
7956
7956
8003
8252
8034
8205
8143
8471
8174
8330
8050
8222
8003
8252
8330
7987
8314
8330
7987
8174
8362
8362
8175
8018
9875
8049
8065
8299
8315
8174
8190
8284
8518
8081
8003
8564
8159
8300
8502
8206
8222
8222
8159
8112
8127
8221
8127
8112
8190
8190
8221
8346
8190
8253
8314
8206
8268
8128
8252
8346
8206
8237
8190
8221
8268
8268
8330
8206
8128
8346
8315
8330
8346
8112
8424
8424
8175
8331
8549
8299
8331
8424
8190
8362
8315
8611
8205
8221
8471
8284
8206
8502
8299
8377
8455
8471
8237
8346
8190
8221
8346
8174
8377
8377
9064
8392
8268
8221
8408
8486
10249
8518
8300
9984
8283
8487
8533
8534
8486
8518
8347
8300
8175
8424
8503
8362
8487
8502
8612
8471
8424
8393
8471
8237
8300
8533
8455
8487
8643
8190
8721
10265
8487
8814
8268
8955
8627
8361
8315
8253
8330
8440
8642
10468
8611
8627
8346
8284
8252
30077
8424
8347
8252
8362
8393
8425
8393
8346
8424
8690
8143
8206
8440
8347
8050
8502
8814
8486
8393
8487
8253
8283
8159
8534
8503
8533
8674
8252
8269
8003
8144
8299
8486
10437
8300
8690
8315
8019
8378
8643
8674
8534
8596
8269
8861
30170
8300
8174
8237
8252
8019
8190
8299
8128
8222
8518
8643
8127
7909
8097
8018
7910
7878
8003
7988
8112
8034
8065
8127
8112
8174
7831
8003
7831
8143
7988
7987
8424
7909
7815
10592
8502
7878
8222
8159
30842
8502
30857
10062
3339
59561
68563
67517
66986
66675
33166
34523
34647
35895
36286
96892
31
37658
37736
37799
109
37814
37721
37846
37690
37690
234
37736
37705
172
109
37799
234
37690
109
265
94
37784
140
37721
187
266
422
37783
37861
46
328
37939
37924
234
499
203
37940
63
500
37877
171
187
375
171
218
156
171
37846
156
312
203
38018
37846
187
37955
47
219
62
172
250
281
265
265
234
280
280
312
37893
250
38080
297
124
62
156
37971
250
328
37909
171
47
38049
156
156
328
452
38033
265
265
78
38189
203
188
156
234
328
78
593
281
38033
141
172
156
203
140
109
47
188
281
234
312
265
421
38111
78
265
37877
234
343
38080
37986
343
202
37830
296
468
38033
281
312
281
38033
421
312
250
421
249
38142
218
38298
593
624
546
327
343
530
38033
38096
328
38017
327
172
38018
280
37861
265
327
390
561
38158
297
38267
187
374
405
187
265
359
38018
421
203
249
265
156
140
437
156
296
421
406
437
406
38049
297
422
312
343
281
749
280
156
265
468
266
141
328
359
452
359
156
390
390
156
38095
296
234
171
405
187
327
328
38127
655
219
37986
406
297
343
359
38282
312
281
375
234
343
390
358
312
468
343
514
280
483
359
38142
281
38158
234
38095
156
297
359
312
453
171
38127
390
328
297
344
312
327
327
343
234
38142
187
265
187
265
38267
203
218
390
593
250
390
38204
38267
296
281
421
359
38314
406
38236
437
405
38001
328
265
265
328
344
468
359
265
359
374
484
38017
406
390
421
499
437
437
468
500
422
405
484
468
561
405
38157
37986
452
483
452
577
38330
453
38064
37971
38126
858
38189
437
38704
38002
952
453
687
38173
530
531
578
624
827
578
639
562
38018
546
38111
437
655
656
624
578
577
577
593
609
593
359
530
374
468
718
718
624
749
687
437
515
405
375
38314
38235
686
358
38314
671
421
655
702
39968
38314
640
670
530
468
702
327
468
38267
577
702
483
359
437
718
671
390
421
718
468
38313
686
483
483
577
38142
437
578
390
343
780
624
328
38204
624
327
670
343
38205
530
889
38314
2683
38330
609
421
38189
358
38220
702
530
608
577
38439
38267
608
577
624
562
38377
38174
578
484
858
561
38376
38345
546
499
38236
499
38454
484
38485
38298
483
530
561
592
514
38314
38345
390
390
671
671
38299
577
577
436
38142
38251
38314
38657
562
780
500
452
546
546
499
38392
38189
609
1030
484
577
38283
484
577
624
936
671
515
624
749
38532
624
38439
624
624
561
624
468
38469
546
500
38283
38455
38236
38408
749
38360
718
671
38470
671
38329
38345
733
38626
38392
671
38392
40139
671
702
38267
640
38361
733
38345
733
687
656
734
671
38127
748
686
38469
640
38095
733
38376
827
687
686
671
702
38267
38501
38204
38454
733
38439
38221
38486
38501
38501
780
655
38298
38486
874
38454
795
38189
38376
780
686
38221
38563
827
702
702
38439
843
38298
780
920
749
905
38314
749
38065
38049
780
38173
38470
749
780
38142
38064
38330
843
843
842
38735
858
827
858
858
812
38267
38314
811
749
843
827
842
40092
38735
904
842
38407
874
920
38517
38158
843
38127
921
952
921
38392
39015
811
38314
38314
38439
968
38439
38205
38173
1279
764
796
811
982
38298
796
38314
38361
1077
38610
889
38314
998
889
38252
38376
983
1045
951
38345
1076
1139
874
998
889
38345
38095
38127
936
1014
873
998
905
1014
873
38282
905
936
38298
983
1030
38158
38361
1216
1076
982
1092
38454
38142
38251
967
858
2652
952
968
968
38439
921
873
1061
1092
38189
38204
38329
38376
1154
982
998
1092
952
874
38501
874
38267
936
1060
38282
998
1248
920
38251
38314
38236
38361
1014
40061
38345
38439
38236
1264
38376
1076
1076
38282
998
1092
1092
1030
38345
1030
38111
38564
38486
1108
1014
951
1030
1138
983
38111
38610
38439
1014
1014
38361
1092
1139
1014
1077
1139
38439
38392
1015
38049
38407
1124
1014
1263
38813
1154
38423
38111
38267
1420
1046
1046
38736
1155
1186
1170
38548
38345
38143
1061
38314
38376
38158
38298
1061
38501
38470
1248
38267
38064
1217
38485
1232
1201
1201
1264
38673
38236
38455
1124
1420
38283
1248
1264
38377
1217
38282
1279
2419
1233
38345
1279
1170
1248
38236
38002
38204
1310
1201
1186
38454
38361
1327
38017
1342
1435
1295
38330
1248
38438
1185
1358
1310
1201
1311
38377
1342
1389
1373
1202
1202
1357
1310
38142
38594
1310
1279
38486
1405
1280
1232
1404
1357
1373
1342
38688
1357
1310
1311
1389
1326
1373
1357
38454
1404
1326
38298
1545
38080
1451
1404
38345
40592
1295
38221
38205
38267
1341
1357
1373
1373
1420
1373
38033
38064
1357
1327
38034
1389
38252
38517
38080
1357
1310
38299
38033
1341
1435
1388
38720
1357
1373
1358
38221
1357
1326
38096
1497
38236
1482
2699
1373
1466
1420
1498
1451
38267
38267
38767
1467
38282
38064
1482
1513
38548
38236
38392
1436
38329
38267
1482
1388
1420
38065
1466
38095
1435
1529
1498
1451
1498
38330
1513
38376
1420
38049
38283
1420
38314
38049
38329
38345
38189
38283
1545
38236
1451
38017
1560
37955
38346
38190
1576
1498
38267
38205
1498
1576
1607
1607
38329
37908
38251
1591
37908
1591
38017
37924
38345
38080
38018
1592
38034
38221
38236
38268
38143
37939
1638
1622
1654
38205
38017
1560
1560
38080
1607
1638
1638
1575
1607
38189
37892
1544
38314
38205
1654
38345
38080
1639
1654
1607
38486
1669
1669
1576
38033
38314
1809
1716
38111
1701
38376
1732
37971
38361
37940
38158
38112
1607
38002
38283
1700
37924
38096
38065
38033
38080
1592
37940
1732
38360
1763
37956
1607
1639
1670
1685
38283
38064
1763
1825
38111
38080
1763
38002
38251
1794
38236
37908
38142
37971
38034
38158
1779
37893
38096
38080
38064
1810
38158
1716
37908
1685
1732
1826
38080
38049
37971
1810
38033
1716
37924
1731
38095
38002
1747
38127
1919
1763
38111
1825
38034
1717
37893
1748
37908
38080
1763
1904
37877
38065
1700
37908
38174
2013
1919
38064
1795
1951
1873
2075
38049
1810
1778
37940
1826
1731
1825
1731
37939
1825
38454
38127
38143
1841
1795
1794
1872
38283
38080
38174
38033
38033
38158
37986
38096
1825
1903
1919
1841
38002
1794
2091
37909
1934
1872
38111
37893
1778
1841
38065
37893
38221
38080
1903
1950
1794
1919
2059
1872
38080
1794
38064
2043
1856
1825
37924
1840
1825
38096
38221
1872
1966
38002
1981
1841
1840
38204
37892
37892
37940
2028
1934
37909
1935
1904
38236
2028
38190
38174
38127
1934
1919
37893
38095
1919
38033
38080
2013
38204
1965
38329
38329
37955
37971
38236
2075
2106
2028
38579
2060
38049
38112
38252
1966
1888
38002
38143
38377
2091
38142
38064
1950
2090
38142
38142
38190
38095
2028
38205
37987
38143
37861
2121
2402
37877
38002
37799
37768
2091
38112
38502
37987
38329
2043
1997
38095
37971
38189
2075
2091
37753
38158
38111
37815
2122
37846
38174
2138
38190
2137
2121
38002
38095
38189
2137
2153
2106
38049
38377
37643
37861
37830
38345
37955
2137
2153
2153
2138
2106
37800
38190
37924
37784
37627
37783
2199
4571
2465
37987
2153
2371
37846
37831
37924
37939
37643
37799
37783
38158
38189
2168
37721
2153
38080
38174
37706
37800
37986
38065
37597
38377
37597
37814
37768
37799
37737
37768
37846
38158
37675
37753
37737
37815
2200
37753
37581
37581
38205
2199
2262
37581
37675
37909
2278
38330
2231
2247
2247
37753
37690
37846
37580
38704
37846
2277
38158
37721
2278
37862
37956
37815
2294
2294
37706
37799
37846
2246
37877
37862
37737
2278
2340
37955
37736
37861
37534
38298
38033
37550
3588
37737
2325
2231
37753
37706
37862
37549
37549
2340
37706
37503
37908
38048
37768
3510
2387
38064
38283
2294
37690
37783
37815
2402
37846
37799
37737
2325
2309
2386
37799
37815
37862
37534
37503
37815
37596
37893
37971
37815
2325
37831
37737
37706
2403
37488
2340
37690
37752
37706
2418
37612
38127
2418
2496
37861
37674
37612
37658
37674
37628
37893
37784
37566
37628
37800
2465
2481
37566
37659
37909
37456
38095
2465
37815
37597
2418
37831
37955
2481
38345
38002
37472
2449
37658
37456
37424
2449
37627
2496
37690
2511
2418
37612
2512
37596
37628
37409
37721
37566
2512
37722
2418
37472
38065
37815
38548
2402
38049
2481
37581
2574
2512
37659
37784
37783
37300
37409
37799
37487
37300
2558
37425
37752
37332
37285
37410
37456
2496
37393
37549
37472
37269
2558
2605
2730
2589
37799
2496
37550
37331
37846
37394
2543
2637
37831
2528
37659
37675
2636
2636
2605
37565
2527
37987
37628
2668
37643
37503
2637
37456
2558
37159
37424
37160
37409
37160
37550
37644
37784
37456
37144
37159
37581
2730
2699
37362
37362
37487
2667
37487
37596
2714
37113
37222
37456
37222
37222
2574
2699
37113
2683
2730
2699
37113
37237
2699
37393
37191
37300
37129
37472
37753
37331
2668
2668
37160
2667
37112
37440
37409
37425
2668
37456
37456
2714
2762
37222
2559
37160
37175
2745
2574
2683
37159
37284
2777
37378
37378
37082
2761
37394
37082
37456
37440
37175
2652
37643
37128
2808
37300
2699
2762
2793
37347
37284
37175
37331
37191
2605
37441
37378
37502
2730
37144
37238
37581
4977
37098
37285
37347
37206
37409
37113
2652
37222
37378
37363
37222
37347
37112
37097
37300
37222
37191
37191
37316
37253
37269
37238
3791
2730
37378
37222
37269
37206
37191
37253
37316
37394
37269
37268
2730
37284
37284
37222
2777
2746
37269
37222
37300
2746
37238
36973
37160
37159
37237
37144
37237
37081
37316
37519
37285
37316
37347
37472
38720
37316
37300
37346
37534
36972
37300
37269
37456
37331
37269
37222
2793
37269
37503
36973
37518
37627
37191
37112
2980
36879
37206
37222
2902
2902
37207
2933
37347
36864
36926
37003
37300
37019
36816
36895
37300
2933
36988
37253
36785
36816
36879
36926
37035
37082
36972
37097
36988
36941
37128
37222
37175
37409
37425
2871
3010
37066
37378
37487
36879
37129
2918
36926
2918
2902
36879
37518
37206
37159
37222
37113
37082
2964
37082
37393
36941
2932
2979
37003
37003
37097
36800
3026
37190
37097
36910
37082
36957
37020
37191
2964
40061
37144
37035
2964
37643
36676
37222
36988
3104
3011
36816
37425
37628
3105
37129
37003
36910
37144
3104
36660
36863
36973
36723
3058
3105
36847
36878
37066
37050
36582
3104
3136
37098
3105
3136
36614
3089
36661
3074
36972
3120
36691
36504
36941
4478
36910
36848
37019
36785
36925
36722
37003
36816
36770
3120
36567
37222
36848
3245
36629
36723
36863
37893
36411
36957
36473
36816
3198
36832
3182
36879
36473
36629
36894
3214
36630
36942
37300
36895
36598
36879
36910
37035
36754
36270
36473
36848
36707
36551
36582
36426
36800
36520
36457
37112
36426
3198
36801
37019
40233
36864
36520
36864
36208
36193
37003
36161
36863
37003
37425
36411
36817
36723
36146
36520
36863
3291
36520
36832
36099
36598
36614
36520
36504
36255
36364
36458
36380
36630
36411
36504
36426
36005
36427
36208
36239
36224
3338
36364
36738
36317
36224
36395
35833
36582
36084
36567
36489
36458
36692
35786
36364
37019
36130
3354
3354
36286
36629
3323
36442
36473
36317
3354
35958
3370
36442
37175
36988
35677
36426
36223
3432
36224
35444
36333
37393
35911
36535
35787
36598
35802
35209
36177
35444
36177
36801
35756
3525
36364
36255
3557
35444
34898
36785
35427
35396
35630
36442
35349
34819
35755
36286
36271
34991
36005
36411
34741
34975
40981
36161
36504
35225
35334
35381
35896
35615
3510
35350
34897
35006
35412
36051
36582
35381
36052
34695
34492
34523
3619
36239
36036
35038
34882
3573
35647
35210
35896
35490
35381
35100
39905
35116
35069
36130
36161
35007
34851
33992
34476
35209
35553
35053
33509
34429
34523
3635
34663
35084
34960
36457
35522
3682
35974
35007
34430
35755
36676
35022
34959
36535
34897
33213
3666
37191
35038
34320
34960
35006
35942
3650
35069
3729
36363
34835
33524
34881
34929
34726
34695
32917
3791
33010
35256
34960
3729
34289
3760
33103
34320
34460
35006
3775
33837
33525
34664
33697
33790
33618
33462
33556
33587
4680
3838
33134
3869
32932
33088
32370
33228
3900
35506
35193
3853
33463
33213
33291
32995
33119
42323
32370
3916
33103
30482
34741
33322
3993
4009
34460
35225
4009
33696
33244
3994
4024
4071
31278
4024
4119
4087
4056
4087
4196
4134
4088
4227
4321
4196
39063
4212
4274
4274
4274
38969
4305
39578
4337
4368
4384
4352
4368
4446
4509
38720
4462
38969
4571
4509
38969
4586
4555
4773
4571
4617
4618
4634
4665
4617
4648
4649
4727
4742
30077
4727
4790
4773
4742
4758
4742
4727
4805
4821
4774
4789
4774
4790
4898
4773
4820
4851
4805
4914
4883
30045
4883
4929
4960
5024
5039
42012
5039
5023
4961
5039
5008
4992
5117
5102
98531
5117
5117
98468
5086
61855
5070
5148
5085
98452
61854
5086
61901
5179
61870
98421
61901
5194
61932
5226
5164
61902
62026
37315
5194
61870
61870
5242
5304
98359
5273
5288
5179
61932
62057
61870
5304
5335
5413
5413
5210
5273
62026
61932
5288
5241
61948
62120
5335
61885
5382
62010
62150
5319
62010
61901
62120
62135
62010
62166
98452
5320
62058
62104
5289
61902
98437
5336
62104
5413
61979
62089
98468
5304
5335
62026
5319
5350
5335
98421
62166
62026
62042
5398
5382
5351
5398
5367
62120
61917
62042
5351
62182
62213
98374
62104
62057
62135
5413
62120
5445
5476
61948
62088
62229
62088
5476
61948
62151
62198
62135
62041
62088
61964
61964
62104
5460
61902
62400
62151
61963
62088
62167
62042
5491
62026
62011
5523
62057
62010
62088
62010
61980
5492
5570
98265
62026
62213
5523
62276
62354
5523
62041
62197
5569
62026
5600
61979
62291
5554
5585
5585
62010
5631
5694
62291
5663
62182
62136
62135
5647
5631
62042
5741
62182
62104
62306
5694
62167
5772
62197
62244
62213
62245
62214
62213
62151
5787
62245
62167
62229
62213
62306
5803
62213
6614
5866
62104
5850
62151
62151
62166
5913
62197
62462
5881
5850
62135
5912
5819
62307
5866
62338
62167
62353
62260
62150
5912
62244
62354
5850
62354
62307
62229
5944
5881
5990
62431
62182
5897
62198
62260
5928
62448
5991
5913
62338
62307
5943
6006
5991
6068
5943
6068
5944
62338
6786
62370
62214
62369
6021
62369
6053
5959
62384
5974
62431
6068
6052
62275
62385
62166
62432
6084
6006
62604
6022
62416
62541
6115
6256
62447
6021
6052
6177
62276
62447
62244
6053
62416
62572
62198
6131
6053
62432
6177
62416
6193
6240
62104
6084
62479
6178
62416
6069
62229
6084
62416
6162
62525
6130
6099
6162
6068
6162
62291
6178
6178
62447
6193
62494
62292
62354
6147
6162
6240
6162
62447
62400
62041
62510
62151
6131
6178
62603
62042
62104
62322
6130
62150
62166
6115
6162
62478
62198
62042
6240
62681
62525
62494
6193
6209
62276
62026
6209
62353
62026
6209
6225
62026
62104
62323
6162
62447
62041
62119
62384
62462
62276
6318
62322
6162
6303
6162
62167
6272
62057
62088
6271
6146
62245
62681
62135
62275
62884
62260
62400
6162
6271
62073
62073
62291
6318
62260
6334
62136
62104
6318
6271
62229
62369
62323
6349
6193
62135
6334
6381
62759
6349
62104
6333
62073
62073
62135
6271
62276
6349
62058
62245
6334
62338
6381
6224
6365
62666
6318
62088
62244
6412
62136
62245
6225
62136
6287
6224
6302
6287
6302
6396
6334
6443
6427
6349
6365
6427
63149
6396
6396
62276
6381
6240
62275
6427
6381
6349
6334
6271
62197
6411
6255
6271
6584
6459
6662
6349
6411
6411
6411
62291
6333
6443
62276
6318
6303
62276
62182
62291
6427
62292
6428
6318
62229
6739
6443
6427
6427
6505
6411
6520
62494
62213
6442
6427
6334
6349
6458
62166
6490
6459
62323
6443
6474
62338
62182
62369
6427
6412
6396
62307
6443
6599
6474
6334
6427
6364
6333
6630
6334
6443
6536
6490
62198
62151
62151
6318
62338
62213
62229
62369
62416
62416
62291
6443
6505
6536
62322
62462
6599
62244
62400
6552
6614
30108
6552
6334
62292
7410
62401
6537
62135
64272
6365
6458
6583
6349
62432
6412
62276
6568
6442
62369
6567
6442
6552
6427
6583
6552
6599
6428
6490
6583
6427
6567
6349
6427
6396
6567
6552
6646
62213
6396
6459
62182
62385
62525
6583
62525
6458
6396
6442
6614
6458
6630
6458
6365
6521
6536
6724
6349
62245
6552
6459
6365
6599
6489
6489
6365
62260
6381
6615
6365
6505
62541
6365
6489
6583
6442
6567
6380
6427
6506
6506
6489
6677
6505
6770
6614
6646
6630
6568
6349
6537
6552
6364
6349
6365
6365
6552
6583
6411
6411
6646
64195
6537
6583
6567
6505
6598
6520
6583
6458
6365
6583
6630
6381
6365
6381
6365
6505
6630
6614
6427
6614
6443
6599
6474
6505
6364
6364
6505
6614
6692
6536
6598
6614
6614
6380
6661
6552
6474
6615
6677
6584
6646
6567
6380
61963
6536
6536
6380
6505
6490
6381
62915
6708
6412
6537
6692
6411
6411
6505
6411
6505
6599
6568
6490
6537
6474
6599
6520
6832
6708
6552
6506
6615
6411
6521
6474
6521
6412
6412
6474
6552
6598
6568
6443
6584
6552
6615
6599
6458
6583
6646
6630
6443
6630
6442
6692
6458
6568
6662
6536
6458
6489
7940
6583
6552
6474
6630
6568
6521
6568
6598
8018
6677
6662
6646
6568
6864
6661
6552
6661
6723
6567
6755
30093
6521
6505
6677
6521
6568
6662
6521
6661
6708
6646
6708
64459
6661
6661
6536
62229
6536
6724
6662
6584
6646
6677
6677
6755
6723
6661
6599
6693
6708
6567
6754
6584
6646
6786
7114
6584
6568
6583
6583
6645
6630
6724
6723
6770
6692
6786
6708
6708
6693
6693
6739
6645
6755
6754
6817
6708
6770
6708
6864
6801
6817
7161
6895
6786
6786
6724
6926
64428
6786
6833
6723
6817
6864
6723
6848
6801
6817
6833
6880
6833
6755
6849
6879
6817
6879
6755
6880
6817
6864
6848
6864
6880
6880
6817
8377
6895
6879
6911
6801
6973
6864
6926
6942
6864
6942
7067
6895
6895
6942
6848
6926
62307
7145
7005
6927
64366
6973
6942
6973
7004
7020
6989
6958
7005
7020
7005
6989
7036
7004
7051
7020
7020
62385
7036
7005
7160
7020
6926
7083
8408
7004
6926
7067
7082
7051
6973
30186
7082
7207
7113
7066
7035
7082
6958
7067
7052
6974
7036
7005
6989
7191
7051
7051
7051
7004
7067
7161
7239
64413
7269
7051
7129
7208
7052
7082
7098
7098
7145
7129
7208
7098
7113
7129
7207
7222
7129
7254
7223
7223
7160
7223
7270
7286
7239
7223
7192
7145
7207
7192
7332
7269
7300
7191
7191
7222
7254
8611
7207
7161
7270
7286
7285
7285
7270
7176
7238
7378
7176
7348
7192
7535
7192
7223
7379
7285
7191
7348
7332
7378
7207
7363
7316
7410
7332
7332
7301
7364
7332
7285
7238
7254
7347
7503
7488
8455
7410
7410
7410
7332
7270
7426
7364
7332
7473
7379
7488
7316
7457
7270
7426
7363
7317
7347
7457
7441
7379
7363
7457
7457
7473
7269
7347
7348
7410
7582
7441
7473
7488
7426
7379
7410
7503
7566
7488
7441
7426
7519
7363
7488
7550
7597
7503
7394
7519
7472
7659
7426
7534
7660
7582
7550
7738
7395
7566
7550
7410
7441
7597
7566
7597
7582
7598
7613
7629
9189
7441
7426
7519
7504
7644
7379
7472
7659
30170
7925
7363
7363
7769
7426
7551
7612
7551
7378
9251
7394
7332
7550
7628
7613
7675
7847
7894
7379
7410
7488
7332
7378
7348
7301
9220
7441
7300
7441
7644
7832
9126
7285
7269
7286
7317
7519
7254
9297
7457
7378
7504
7395
7317
7753
7753
7457
7269
7425
7317
7472
7130
7394
7332
7473
7348
7425
7457
7332
7301
7098
7223
7410
7332
7503
7582
7160
7176
9469
7394
7222
7082
7691
7363
7332
7144
7348
7254
7301
7317
7160
7161
7160
7316
7332
7160
7239
7222
7176
7332
7301
7285
7222
9485
7348
7160
7394
7176
7301
7300
7472
7317
7192
7239
7457
7488
7457
7176
7301
7176
7285
7270
7488
7254
7301
7426
7410
7347
7301
7207
7301
7223
7347
7222
7301
7566
7285
7270
7286
7239
7410
7363
7239
7456
7504
7379
7379
7457
7364
7347
7317
7473
7426
7426
7379
7441
7363
7363
7441
30249
7410
7378
7488
7363
7394
7378
7300
7379
7441
7379
7472
7520
7488
7348
7488
7519
7441
7473
30140
7503
7456
7472
7519
7472
7503
7534
7332
7426
7394
7472
7472
7395
7597
7332
7457
7535
7456
7612
7394
7457
7457
7364
7488
7473
7535
7425
7550
7566
7581
7566
7644
7566
7566
7535
7535
7488
7566
7488
7582
7566
7550
7597
7488
7644
7613
7628
7628
7535
7629
7519
7644
7738
7613
7629
7613
7644
7550
7675
7613
7675
7628
7520
7629
7597
7691
7722
7597
7472
7457
7582
7738
7582
7722
7644
7472
7472
7473
7644
7738
7488
7581
7519
7831
7800
7707
7753
7613
7691
7613
7504
7582
7753
7534
7676
7504
7706
7550
7551
7863
7675
7628
7691
7676
7582
7566
7519
7503
7878
7690
7519
7738
7660
7706
7613
7613
7707
7691
7503
7503
7675
7613
7504
7519
7644
7722
7800
7504
7488
7488
7629
7550
7691
7660
7722
7706
7597
7598
7754
7722
7659
7768
7784
7816
7753
7535
7628
7722
7520
7535
7629
7629
7644
7534
7566
7706
7535
7676
7815
7706
7629
7644
7612
7846
7737
7582
7706
7800
7769
7629
7660
7738
7754
7722
7800
7707
7863
7753
7629
7769
7644
7659
7675
7784
7675
8081
7691
7676
7660
7815
7659
7722
7878
7753
7707
7722
7660
7675
7738
7784
7785
7754
7832
7722
7784
7753
7815
7784
7769
7941
7846
7815
7753
7753
7800
7800
7878
7815
7815
7800
7987
7847
7831
7847
7816
7847
7847
8034
7800
7893
7893
7800
7816
8003
7816
7863
7894
7847
7956
7956
7925
7878
7847
7832
8003
7925
7941
8003
8019
8003
7847
8002
7956
7846
8034
8003
8050
8081
8018
7925
7987
7941
8097
7863
7941
8080
7862
8002
8080
7878
8128
7894
8097
8081
7863
8143
7847
7956
8050
8050
8050
8127
7987
8034
8080
8034
8206
8097
11685
8050
8112
8003
8050
8127
7878
7862
8003
7909
8065
8018
7909
8019
8096
7956
8096
7956
8097
8081
8081
8112
7831
7940
8127
8065
7831
7987
7972
7831
7971
8158
8096
7987
7893
8112
7987
8096
7972
8159
8096
8127
7956
8003
8065
7909
7956
7816
8096
8003
7816
7987
8081
7925
8018
30187
8003
7956
8003
7815
7925
7815
8112
7972
7956
8097
8002
7815
7831
8050
7987
7987
8190
8315
7878
7832
7941
8066
7832
8268
7910
8019
8112
7971
7831
7941
7893
8205
7893
7909
7940
8065
7847
7972
8081
7847
7894
8034
7925
8003
7893
7893
8190
7831
7878
8112
7894
7847
8034
8034
7987
8112
7971
7846
8050
7862
7863
8144
7909
8049
7878
8049
8471
8049
8315
7987
7909
8393
8112
8049
7894
7972
8112
7894
7987
7956
7941
8019
8034
7972
8050
8128
7893
7940
8439
7925
7909
8081
7894
7987
8002
8002
8050
8159
8097
8066
8034
7925
8174
8237
8018
8018
8065
8019
8050
7956
7956
8268
7956
8159
8003
8066
8034
8112
8096
8080
8081
8018
8065
8018
8018
8081
8253
8112
8034
8018
8112
8097
8112
8034
8049
8127
8143
8206
8050
8143
8112
8159
8144
8034
8081
8096
8050
8190
8190
8159
8222
8018
8019
8112
8237
8019
8268
8252
8205
8018
8518
8128
8206
8081
8300
8175
8034
8081
8284
8050
8237
8034
8018
8081
8283
8190
8034
8097
8393
8284
8034
8174
8096
8221
8284
8299
8175
8050
8237
8361
8268
8174
8081
8284
8097
30264
8284
8143
8190
8221
8283
8080
8143
8159
8143
8471
8143
8128
8362
8253
8190
8206
8143
8299
8346
8050
8237
8143
8143
8127
8206
8050
8175
8159
8487
8487
8284
8596
8096
8268
8143
8034
8237
8409
8236
8034
8377
8315
8253
8019
8362
8284
8034
8096
8018
8252
8268
8611
8362
8128
8393
8065
8299
8143
8299
8065
8096
8315
8237
8315
8346
8346
8252
8049
8361
8284
8096
8315
8018
8050
8034
8159
8299
8268
8112
8018
8018
8144
8003
8378
8066
8096
8002
8377
8268
8174
8081
8268
8253
8456
8018
8221
8065
8284
8003
8065
8159
8377
8314
8361
8190
8206
8018
8003
8222
8237
8205
8330
8127
8330
9750
8221
8284
8190
8268
8222
8190
8284
8175
8221
8455
8330
8175
8112
8221
8237
8237
8331
8237
8190
8065
8190
8175
8486
8065
8081
8159
8081
8299
8253
8206
8470
8143
8424
8206
8127
8112
8268
8861
8268
8143
8065
8190
8050
8174
8081
10218
8315
8050
8284
8190
8174
8361
8190
8315
8081
8299
8362
8284
8299
8330
8174
8190
8378
8175
8315
8253
8284
8081
8080
8174
8268
8377
8268
8284
8097
8361
8299
8221
8362
8159
8315
8362
8174
8143
8268
8143
8299
8315
8315
8175
8159
8377
8299
8330
8362
8221
8330
8393
8221
8315
8315
8112
8284
8221
8283
8330
8268
8549
8050
8300
8300
8283
8361
8205
8439
8346
8299
8455
8158
8361
8377
8174
8330
8206
8268
8050
8268
8330
8065
8331
8065
8315
8517
8268
8236
8112
8206
8253
8190
8143
8175
8206
8127
8096
8158
8455
8268
8096
8222
8097
8066
8284
8206
8439
8221
8190
8190
8081
8236
8159
8206
8299
8143
8284
8144
8300
8315
8299
8299
8253
8471
8253
8315
8300
8331
8393
8299
8237
8253
8299
8127
8440
8408
8440
8112
8331
8330
8221
8127
8128
8626
8408
8346
8144
8300
8300
8377
8377
8221
8206
8268
8253
8253
8237
8221
8378
8283
8455
8517
8143
8283
8252
8284
8487
8299
8361
8346
8580
8627
8362
8330
8408
8299
8362
8314
8206
8362
8439
8548
8408
8502
8487
8424
8175
8174
8330
8175
8424
8299
8596
8299
8299
8393
8362
8408
12074
8300
8346
8502
8283
8377
8408
8502
8518
8393
8440
8237
8768
8721
8627
8471
8362
8284
8346
8268
8221
8268
8440
8424
8361
8455
8486
8502
8502
8455
8502
8533
8393
8314
8393
8533
8331
8346
8455
8346
8393
8471
8392
8392
8440
8392
8534
8362
8237
8315
8299
8439
16941
8174
8284
8174
8252
8284
8174
8486
8470
8534
8252
8377
8440
8299
8190
8284
8346
8330
8393
8330
8175
8408
8190
8346
8564
8408
8159
8393
8299
8424
8362
8393
8424
8533
8596
8330
8408
8439
10452
8206
8268
8190
8237
8190
8439
8190
8424
8502
8330
8190
8190
8362
8284
8346
8346
8393
8393
8393
8128
8408
8346
8221
8424
8596
8471
8127
8127
8393
8175
8424
8424
8050
8471
8549
8050
8471
8128
8221
8455
8252
8424
8408
8206
8424
8222
8393
8237
8440
8486
8346
8174
8393
8206
8205
8283
8611
8158
8190
8533
8393
8315
8034
8237
8284
8299
8205
8361
8704
8658
8222
8393
8128
8643
8299
8159
8159
8268
8190
8284
8237
8284
8861
8252
8346
8564
8408
8361
8268
8205
8439
8564
8424
8330
8252
8190
8424
8487
8190
8237
8284
8362
8439
8455
8268
8487
8565
8549
8439
8315
8487
8377
8362
8174
8471
8440
8549
8424
8470
8299
8362
8393
8424
8159
8409
8424
8408
8143
8346
8470
8361
8392
8330
8128
8378
8487
8159
8502
8315
8752
8128
8112
8283
8128
8720
8377
8533
8455
8158
8408
8284
8456
8378
8268
8315
8190
8331
8299
8455
8237
8097
8377
8533
8205
8096
8486
8314
8346
8440
8502
8081
8330
8424
8330
8455
8361
8299
8190
8221
8050
8159
8392
8236
8034
8439
8314
8299
8034
8206
8190
8283
8237
8315
8299
8284
8362
8299
8096
8221
8392
8159
8190
8190
8455
8252
8595
8221
8143
8221
8034
8237
8080
8283
8549
8127
8143
8081
8533
8081
8190
8080
8283
8346
8236
8205
8284
8362
8144
8097
8174
8361
8097
8112
8236
8221
8221
8268
8268
8237
8221
8362
8315
8190
8315
8330
8283
8127
8190
8127
8112
8299
8097
8221
8237
8331
8299
8299
8284
8471
8081
8300
8315
8175
8299
8361
8190
8080
8439
8284
8346
8331
8222
8471
8346
8268
8362
8299
8096
8330
8205
8284
8096
8330
8206
8175
8409
8159
8206
8221
8081
8361
10421
8346
8221
8174
8221
8392
8221
8330
8315
8174
8206
8378
8206
8097
8206
8222
8471
8205
8096
8361
8315
8097
8221
8455
8283
8143
8190
8346
8424
8190
8144
8159
8222
8284
8221
8081
8315
8236
8143
8159
8549
8346
8315
8096
8283
8486
8487
8221
8065
8143
8377
8253
8361
8299
8315
8315
8346
8190
8206
8066
8190
8315
8377
8252
8127
8049
8315
8018
8361
8299
8018
8408
8315
8096
8128
8346
8019
8268
8424
8299
8314
8642
7956
8159
8315
8081
8580
8268
8268
8143
8127
7941
8315
8346
8143
8034
8018
8284
8144
8253
8471
8533
8049
7987
8159
8377
8299
8065
8268
8081
8268
8221
30218
8081
8065
8346
8175
8361
8518
8237
8050
8112
8034
8346
8034
7988
8205
8159
8268
8221
8315
8299
8300
8237
8252
8346
8330
8284
8268
8331
8252
8237
8377
8814
8174
8268
8127
8767
8517
8175
8143
8159
8300
8408
8361
8002
8236
8268
8377
8549
8517
8049
7753
7675
8003
7769
7863
10280
10234
7410
7441
68110
10437
6396
6490
6911
6303
6537
6271
6271
6895
6224
6817
6786
6833
6926
6240
6193
6739
6380
6724
6724
6474
6381
6614
6099
6115
6646
6646
6568
6411
6177
6427
6568
6178
6755
6568
6552
6131
6380
6302
6630
6490
6256
6474
6755
6334
6381
7098
6396
6193
6131
6318
6302
6318
6318
6895
6739
6396
6443
6318
6318
6365
6411
6287
6318
6287
6505
7083
6380
6364
6833
6380
6022
6365
6380
6349
6412
5772
6100
5850
6162
6365
5959
5850
6443
6162
5990
6240
6224
6084
5928
5959
5944
6162
6349
5912
6287
6147
5928
6536
5928
6786
6427
6037
6411
6302
6302
6568
6084
6068
6630
6068
6099
6724
6786
6412
6365
67939
32885
64366
34585
34585
34601
34663
34663
34679
34710
141
141
34726
34679
34663
31
62
34695
34664
31
34710
218
172
34679
34710
203
34742
62
249
187
34788
34773
16
34788
31
34788
34788
156
265
250
34804
125
297
62
281
172
94
234
218
34882
265
94
34850
218
109
125
109
34944
46
140
34897
109
78
34882
156
375
78
140
62
281
63
34944
390
250
187
172
125
219
265
187
35007
312
250
344
203
234
35022
35053
218
35054
35053
35069
35069
35069
265
35147
234
35116
312
359
343
390
234
35100
35225
296
35147
328
406
296
405
35162
35225
156
343
358
265
140
296
250
452
35366
234
140
358
421
343
35272
297
561
546
593
141
406
35318
280
374
546
281
35319
35272
624
343
343
406
655
35350
374
203
343
328
35397
328
187
124
62
265
312
187
453
35428
344
188
172
35381
35412
234
35428
343
468
234
218
125
35459
312
327
328
437
266
390
468
250
35428
296
468
296
187
686
140
422
359
624
234
35583
265
35537
218
265
219
266
531
265
312
390
608
35615
312
281
296
655
35740
35708
375
172
328
343
436
343
187
156
375
343
374
374
375
375
281
936
35739
374
437
374
390
328
453
312
35771
936
359
35740
717
546
436
421
452
281
406
530
344
203
234
592
468
405
390
359
35849
35818
375
390
281
686
437
281
343
406
421
421
375
35865
296
328
1107
406
655
35974
390
36036
359
35896
530
796
561
405
35958
530
593
35958
406
468
499
499
546
390
468
484
36005
453
468
405
36005
453
437
499
452
452
514
499
562
578
468
437
437
609
36052
421
577
36098
468
624
453
468
437
468
468
36146
36270
514
36114
578
36145
36161
483
530
733
374
374
422
484
609
484
343
483
577
327
608
36270
671
36270
468
36130
421
499
655
390
36223
468
608
36161
36177
36302
500
812
390
686
453
593
499
405
36239
36270
421
36223
967
671
842
515
36254
608
733
686
36333
36270
406
499
515
36224
561
561
36286
483
36348
531
531
436
374
483
436
436
36348
546
484
593
36380
36395
531
468
452
483
36286
562
531
468
36348
561
453
656
375
639
608
36317
452
2434
499
733
468
405
452
608
36364
406
468
500
452
515
608
452
36317
531
796
484
546
546
609
531
36457
546
578
578
609
562
36473
36395
530
640
655
608
608
639
624
36426
702
624
562
717
686
749
765
687
608
749
749
639
624
655
1669
812
718
765
796
749
702
795
2278
889
749
687
982
702
764
764
749
656
702
749
827
827
765
702
702
670
639
655
671
687
812
717
811
702
702
858
874
765
780
968
671
873
717
702
796
718
764
592
670
873
733
1046
890
718
624
624
921
702
936
842
858
562
733
1014
1077
702
609
2356
671
842
1092
842
748
749
36536
1107
952
749
718
624
530
982
795
686
889
733
749
858
609
671
609
562
577
592
749
577
624
656
562
593
639
1310
983
561
609
639
530
702
530
577
843
515
624
702
655
686
1248
967
530
671
702
577
702
624
687
656
765
843
1498
655
686
1388
795
811
1061
640
655
656
702
1061
843
936
2512
2511
780
983
796
780
796
936
765
889
796
811
811
904
826
826
748
826
780
780
749
873
749
920
842
733
858
890
780
827
780
889
780
952
982
904
796
780
999
796
780
1139
905
1123
796
827
842
905
1030
827
796
858
999
999
827
967
874
999
826
826
780
967
1014
827
1014
936
765
686
998
2480
905
873
780
718
952
702
764
764
686
1092
842
920
1154
1029
1123
765
920
624
811
655
967
811
639
874
920
874
874
920
905
640
671
640
687
687
717
702
764
577
671
811
686
734
874
640
905
936
624
624
733
936
951
639
842
811
562
811
1092
702
717
827
1061
1451
983
1061
655
811
717
655
1326
687
748
4336
780
780
843
811
796
38984
811
826
842
1685
858
811
858
905
904
905
843
967
951
936
858
921
874
858
998
905
920
1014
920
2886
37424
998
905
952
1030
874
967
1060
920
999
1108
1092
1092
858
905
1076
858
1014
905
858
1217
999
858
858
858
998
1092
874
874
920
1045
842
2870
905
1092
1029
1014
1045
1326
1326
1092
718
1077
998
1061
998
1045
1092
1045
687
1045
1248
1342
1014
1124
687
999
1030
999
1124
656
1014
1045
733
983
1342
1170
1014
936
1029
671
952
952
702
718
890
671
905
764
671
639
546
1310
1123
1201
1030
733
655
546
656
624
936
656
671
1575
780
1092
609
702
655
687
656
687
718
1170
749
608
702
687
764
640
702
858
1139
795
671
686
749
811
733
749
827
889
874
687
734
733
811
671
796
702
858
936
749
827
811
733
873
811
780
702
843
702
983
811
811
748
748
733
827
749
858
843
795
920
842
983
717
811
765
795
811
904
920
749
780
889
749
780
921
874
718
795
811
733
811
780
796
827
936
795
795
936
811
967
889
764
873
811
967
858
1076
811
889
920
889
1108
1155
1061
1045
1232
1263
1139
1185
3136
1357
38205
140
38314
38111
38267
38158
38127
140
93
140
110
188
38251
344
78
78
124
172
359
16
38236
109
62
38220
38204
359
94
358
38173
38220
78
38095
38174
453
125
38080
38236
38345
94
141
47
38221
141
38127
46
109
62
203
32
156
38096
31
31
47
125
265
218
250
140
38439
374
156
63
62
171
171
140
187
156
78
109
94
110
125
78
156
125
483
140
38298
78
62
93
125
281
156
187
249
187
94
219
203
156
187
281
38408
38407
390
38392
38330
266
281
249
265
38455
250
297
374
312
297
38361
327
38392
94
328
172
562
218
38329
358
124
218
218
78
62
38360
218
38298
172
421
125
359
47
515
38469
172
484
38470
421
234
141
141
94
280
483
109
78
38298
234
109
265
109
78
125
188
156
405
38486
203
156
234
93
171
171
38423
250
38329
125
172
38455
266
38439
38314
187
499
203
218
218
38376
265
38688
78
250
266
343
203
515
38439
38813
38672
265
266
38221
38158
374
343
327
38298
171
38454
38345
38439
328
38439
546
327
38407
124
187
390
38205
390
281
38189
344
38236
203
140
234
249
38220
141
172
38345
202
358
234
312
140
187
499
250
38205
422
312
218
38516
171
38532
312
187
38329
593
187
250
38439
390
359
234
312
234
234
38642
593
281
312
38220
281
328
437
328
312
312
358
38158
38314
38329
405
38501
593
437
421
421
38205
38236
483
437
38267
484
421
499
436
530
38392
515
920
484
38252
531
38314
499
515
38345
38439
499
562
546
546
38235
530
38329
577
562
2216
38345
468
593
38267
530
437
624
38205
437
437
655
437
499
484
38174
640
608
38236
406
38220
624
671
843
656
38299
687
687
561
390
468
671
38361
671
655
561
390
561
38438
437
38377
578
359
38314
515
38501
452
671
718
38236
640
499
358
405
608
531
546
499
624
452
546
468
484
38532
764
515
796
452
38204
468
827
453
452
468
826
530
452
452
437
546
421
484
2262
38298
546
405
38142
531
38126
514
561
561
577
624
38158
484
624
483
38142
452
436
38111
436
452
515
546
499
515
546
546
546
592
468
749
593
562
38204
484
640
38235
577
562
593
577
624
515
593
593
874
655
592
608
2309
593
873
639
640
686
671
38267
702
687
670
640
842
655
858
936
38469
38173
686
2355
38345
655
655
38158
671
951
38235
702
702
655
874
702
905
2480
780
905
780
38299
749
656
764
827
873
687
749
38330
780
718
780
38454
38173
983
889
38392
873
765
702
874
827
795
748
749
718
843
1186
40420
38330
1092
671
765
686
733
1014
936
858
733
38221
1061
749
780
38111
843
1030
905
38095
717
967
702
920
38142
38423
858
38236
38204
983
889
749
858
38158
38142
827
811
38252
780
38314
811
983
811
38158
827
640
733
38142
38501
38204
951
842
718
827
38314
718
843
609
765
796
842
37970
858
1201
733
624
593
827
858
1029
765
609
655
640
827
38345
655
1123
796
999
842
655
780
1170
686
780
827
38673
702
889
733
733
827
38174
38079
702
780
795
890
749
827
702
687
827
811
843
733
826
38080
827
780
765
780
873
764
733
858
827
38142
38142
38267
38283
1046
38174
38189
827
858
952
889
826
889
811
38111
38174
905
38064
38376
38329
38235
38064
842
874
967
951
889
967
38064
1092
889
920
38189
38298
38080
905
38065
1014
858
858
38314
967
983
38204
936
38095
952
1061
38314
38361
38252
905
1264
905
38126
1107
967
38173
999
1077
1029
967
1029
38251
1217
905
1046
1030
38049
920
1045
936
983
40077
952
38407
38111
38204
1123
983
2512
38065
936
1045
951
1030
38049
1045
1014
38220
38173
38220
38048
1030
1045
1092
1014
1014
38252
38158
1029
1201
1248
38142
998
38251
38235
1029
1014
38298
951
1108
1014
983
38220
1123
38221
37987
1092
1092
1061
38189
37970
1045
38096
952
38376
1216
1076
38220
38267
38220
952
1404
13011
1123
1139
2668
38142
967
1045
1014
998
38111
1342
1139
38158
37986
37986
38142
38142
1014
1045
1139
38018
1154
1232
38033
998
38048
38142
38111
38096
1123
38267
1170
38048
38048
1232
1076
38111
1046
1264
38189
1201
38126
1326
38017
1155
1045
38033
1591
1233
38064
38329
1264
1295
998
38049
1202
38017
38205
1248
1155
1186
38189
38080
1060
1092
1185
1185
1201
97859
1030
1170
998
1217
1139
97860
1061
1358
38127
1155
1154
1201
38220
1092
1061
2793
97875
999
38127
37986
1170
1060
1294
38220
38189
38251
38267
38064
38189
38205
1217
1139
97891
1248
38205
1233
38189
1185
37924
38205
1201
38189
37923
1216
1404
38017
38049
38173
37971
38143
1155
1155
1186
37892
1310
97922
38142
37862
38189
38376
1186
38096
38064
38064
38049
97953
97953
37831
1264
1202
38080
38065
97938
37814
38048
37799
38002
38376
38111
38002
38002
37814
38142
37970
38095
38001
38001
37799
97953
38127
37939
38095
37830
38142
38158
97985
38002
37799
97969
37831
37909
37799
97969
37971
38096
37924
37768
37924
97969
38080
38142
37986
37861
1310
97969
37955
1685
97969
38065
1326
37971
2855
37768
97969
97984
37814
1357
38001
38283
37955
37861
1295
38298
97937
37721
1357
37986
1326
38002
97953
1295
37987
37799
1389
1357
38719
1404
37783
1404
97953
1342
97953
97953
37830
37799
1404
97921
1419
38157
37783
37971
37955
37939
37862
38049
38860
1435
1388
97938
37877
1467
38080
1451
1435
38142
37986
97937
1404
97937
38017
37939
37908
1451
37971
97953
1436
38002
37877
97953
97968
97969
38096
38096
38033
38111
1607
38844
2964
3027
40622
40092
40154
40108
39967
7005
5054
6100
44117
95020
94365
92555
64242
64319
64413
64444
202
64382
64382
64398
32
64397
64428
64506
64522
64460
64475
64475
47
64600
281
250
218
47
219
266
110
64631
265
64646
47
64662
281
140
374
47
64771
47
64787
374
64787
281
390
296
64865
265
265
297
280
171
64881
343
62
203
234
312
187
172
343
188
624
171
234
281
187
203
280
265
250
281
312
312
203
187
281
250
187
343
359
219
202
234
156
188
390
172
172
343
249
452
359
421
219
484
172
671
265
78
187
1045
156
218
172
47
187
187
171
202
47
234
266
249
218
78
765
312
280
530
171
31
172
312
109
281
234
343
47
47
125
297
374
280
281
281
359
390
281
390
47
281
218
265
624
328
266
344
702
250
265
297
218
124
172
125
281
343
296
187
249
281
359
359
234
219
249
265
218
296
296
297
124
296
62
172
187
296
328
436
312
436
31
156
47
218
156
234
156
203
172
31
156
484
125
250
266
343
218
453
66784
530
281
47
47
437
375
250
359
343
484
78
47
47
266
265
531
202
234
296
156
250
187
296
171
265
63
281
250
250
265
171
702
437
172
203
109
312
514
203
234
265
171
2449
156
124
280
234
281
265
312
358
358
281
266
265
125
343
203
94
546
156
47
343
343
125
265
250
47
2355
234
281
47
93
265
47
47
593
749
296
63
328
47
218
281
172
172
375
281
187
327
203
250
62
265
109
312
343
63
265
265
234
265
2262
296
265
281
281
297
46
187
296
187
390
188
47
343
343
110
250
514
249
531
281
47
422
250
234
63
156
218
265
359
171
312
47
578
312
328
281
156
109
312
202
234
2121
172
172
203
218
203
234
141
280
593
2122
266
249
109
46
343
358
328
390
47
453
421
47
359
375
421
390
390
468
514
436
468
202
499
281
343
312
546
265
312
312
47
266
343
374
624
421
156
172
250
94
187
515
266
374
280
592
578
203
250
375
203
500
593
171
249
46
343
172
250
374
109
156
172
734
266
266
249
172
499
1341
249
203
530
296
312
156
983
359
265
374
406
296
281
203
4290
141
78
296
717
483
436
234
405
390
452
499
234
218
249
453
281
218
125
218
265
312
234
296
297
78
795
46
281
250
234
110
63
281
328
296
312
202
265
203
281
297
187
234
296
94
297
422
62
187
203
219
156
172
218
94
390
265
421
281
265
297
156
156
265
187
187
234
47
405
297
265
234
328
203
297
62
47
343
421
171
156
156
219
281
187
328
172
234
499
436
2277
296
250
202
281
296
359
156
234
343
312
219
343
312
234
374
125
125
437
312
640
281
172
78
203
281
203
406
250
296
312
359
328
327
31
437
390
47
187
234
218
187
265
203
453
280
436
125
281
265
344
437
437
390
218
47
421
296
203
94
266
156
109
109
47
188
390
203
30747
30763
62
312
30748
172
156
249
47
30685
265
281
109
234
156
250
281
30764
30732
109
296
717
30623
203
62
172
30607
764
30810
30841
30810
218
436
30623
30716
30935
265
203
30732
30701
30920
250
30560
249
30701
250
30701
172
30903
30888
30561
281
30889
30560
30748
30950
296
30888
30670
312
30654
218
30545
234
218
30701
30747
30748
374
30826
266
359
30716
30623
30842
30950
30607
30701
30685
30701
30670
31076
30935
30638
312
31184
30514
30685
30701
30717
30654
30795
30685
390
30841
30545
30873
30670
30997
30748
328
31029
30857
30623
30343
30779
36379
343
281
30966
30654
30701
374
281
30561
1435
30842
30810
390
530
296
30763
30576
30513
30732
358
374
281
30795
281
30670
437
30732
30732
281
30779
422
562
30779
421
312
390
30685
30264
453
30842
30795
484
312
30670
30701
30748
30607
421
484
468
30482
405
30701
375
30904
30764
30607
30919
30685
499
515
734
577
437
546
561
30420
453
30764
499
31200
827
30904
515
546
30889
546
30779
468
702
484
531
2215
437
546
577
515
30592
531
561
499
530
30826
561
515
546
577
593
624
718
531
562
640
562
562
624
655
765
578
593
827
593
655
1045
686
608
686
842
749
671
624
671
718
702
671
749
686
718
749
655
702
748
749
702
765
905
858
796
749
842
826
748
780
795
764
749
811
827
796
936
702
843
842
858
842
858
765
827
796
827
2090
811
796
936
889
889
858
780
2870
905
842
889
842
983
796
858
936
780
858
795
1030
936
1045
982
811
967
827
1092
905
967
936
874
811
796
858
936
858
1045
920
1030
1014
1248
1155
1170
1060
1170
967
1014
889
999
1123
1045
796
811
1155
998
967
1108
967
982
811
951
1170
1030
1248
874
1046
858
889
998
795
1342
1482
967
1248
936
1341
920
967
936
874
1123
936
796
936
1107
998
858
858
748
1014
1123
936
874
890
1233
1014
889
874
999
921
796
858
1138
733
1092
733
1076
1232
780
749
858
1061
1045
811
999
1092
905
858
811
1030
842
968
796
936
842
765
967
842
780
1061
905
1217
827
968
843
936
811
1092
1029
1201
968
749
1108
749
795
905
952
1233
1201
889
873
874
1279
905
843
780
873
1232
858
1061
842
1076
717
811
827
1077
890
952
827
32776
733
905
812
905
796
921
827
827
920
1061
889
749
952
748
1216
843
796
936
874
874
733
748
874
1202
858
1107
983
998
936
921
982
904
982
858
874
905
905
983
968
889
967
1045
858
951
967
764
1029
890
843
921
1046
842
764
858
1076
905
936
905
2886
998
1014
1138
874
967
968
998
967
936
1077
765
967
1092
1014
999
1030
1029
718
1108
998
936
718
1108
702
858
858
967
1014
905
874
1061
1061
999
1014
1014
951
1233
999
655
748
764
1264
702
1092
1046
905
812
1124
1092
967
718
780
1029
920
764
1014
1014
858
734
1092
874
749
921
639
780
795
1092
640
1123
952
686
905
842
1217
639
640
1077
889
639
873
904
967
765
624
765
1357
686
811
765
1045
889
951
873
873
780
749
812
765
780
998
889
999
1046
780
889
873
843
826
920
983
890
936
858
905
1669
936
873
1139
2948
936
936
827
998
796
998
998
889
1014
1030
999
827
1030
889
827
796
68063
967
951
68063
1045
68079
90013
967
4259
1139
951
905
68063
1014
842
68063
1186
983
1139
1092
68204
998
68188
858
1029
936
68219
999
68266
889
68126
843
936
999
1108
68110
68047
905
936
889
1061
1170
68047
904
1014
1061
1030
1061
967
811
952
967
68078
68063
998
967
1108
811
874
68235
68126
983
983
1092
1295
952
1014
1107
1061
936
68250
68094
1060
1138
1310
68312
68172
68141
68328
1108
68313
1201
1154
68266
68220
1248
1092
842
1217
1076
1029
826
1326
1061
1045
983
1014
999
873
795
873
68125
1045
1030
1092
1029
1029
998
1092
1014
68266
874
68001
749
1030
921
843
936
1045
936
1155
983
68219
920
1279
952
68126
920
843
1170
1030
1124
889
843
68156
889
795
842
780
68453
68250
811
1108
1295
68079
68313
983
842
920
842
905
68110
936
905
1014
842
951
842
936
905
1389
998
68173
1045
1014
936
1046
1170
68313
967
1108
1077
952
1045
1092
68282
1139
1045
1076
2933
1092
1186
1077
1154
1029
1107
68282
1170
1092
983
1170
1061
1124
1170
1170
1294
1014
1014
1139
1154
1108
1061
1170
1092
1264
1029
1217
1185
1076
68281
1295
1186
1108
1155
1217
1185
1248
1279
1138
1357
68281
68219
68157
1170
1154
1170
1108
1185
1248
1139
1217
1280
1295
68344
1279
1201
2871
1264
1092
1216
1232
1264
1170
1326
1311
68376
1233
1123
1311
1295
1295
1139
1185
1232
1450
1185
1326
1466
1217
1326
1310
1529
1280
1124
1358
1310
1419
1404
1341
1279
1248
1233
1294
1420
1420
1217
1311
1311
1295
1310
1295
1139
1139
1217
68235
3198
1295
1154
1170
1326
1263
1232
1248
1310
1310
1108
1264
1451
1451
1342
1404
1279
1529
1326
1373
4945
1341
1310
1341
1326
68188
1248
1295
1373
1294
1560
1326
1482
1295
1201
1357
1654
1529
1311
1342
1342
1420
1451
1435
1404
1435
68328
1154
1186
1436
1310
1545
1310
1326
1076
1092
1233
1092
1154
1482
1498
1232
3042
1716
1155
1170
1263
1264
1294
3244
1279
1435
1217
1373
1124
1248
1201
1310
1310
1264
1155
1248
1326
1404
1217
1294
1294
1560
1498
1217
1248
1310
1358
1404
1280
1201
1341
1373
1373
1248
1451
1310
1248
1186
1388
1435
1326
1450
1388
1232
1342
1358
1248
1154
1575
1404
1389
1216
1248
1311
1466
1263
1170
1623
1294
1170
1373
1466
1342
1529
1295
1170
1373
1280
1295
1451
1170
1404
1279
1623
1170
1295
1217
1591
1294
1185
1404
1372
1544
1404
1482
1373
1388
1279
1248
1279
1326
1357
1404
1372
1404
1373
1279
1404
1248
1248
1217
1451
1264
1420
1326
1451
1326
1450
1466
1372
1435
1357
1451
1342
1342
1358
1342
1310
1279
1279
1653
1747
1294
1420
1357
1513
3229
1357
1389
1545
1310
1450
1529
1404
1435
1389
1436
1435
1419
1435
1435
1435
1685
1840
1482
1466
1357
1248
1529
1280
1467
1716
1467
1513
1498
1450
1341
1310
1482
1404
1388
1404
1607
1420
1279
1342
1560
1622
1638
1497
1310
1451
1560
1373
1295
1420
1373
1279
1372
1279
1358
1358
1436
1341
1388
1389
1623
1950
1217
1155
1700
1435
1186
1373
1341
1451
1607
1373
1435
1357
1201
1341
1778
1092
1373
1357
1279
1451
1638
1123
1560
1186
2138
1373
1295
1576
1467
1280
1451
1326
1139
1139
1170
1435
1451
1342
1170
1544
1467
1358
1404
1357
2793
1326
1232
1279
1373
1310
1279
1295
1279
1404
1388
1342
1170
1404
1279
1326
1248
1248
1326
1326
1280
1404
1373
1701
1295
1326
1404
1653
1560
1373
1373
1373
1420
1248
1373
1435
1357
1373
1280
1357
1560
1357
1389
1560
1388
1435
1404
1155
1123
1420
1310
1186
1358
1482
1497
1232
1607
1263
1513
1419
1154
1263
1170
1263
1357
1311
1263
1248
1233
1404
1372
1310
1170
1373
1279
1154
1388
3369
1404
1310
1373
1404
1419
1388
1404
1310
1358
1232
1248
1419
1451
1232
1450
1233
1295
1341
1108
1638
1326
1154
1264
1295
1279
1762
1076
1357
1092
1326
998
1248
1311
1154
1092
1295
1357
1310
1310
1108
999
1389
1466
1092
1341
1061
3573
1264
1342
1263
1201
1279
1139
1389
1264
1388
1092
1435
1201
1045
1139
1513
1326
1372
1372
920
1139
1154
1342
1154
1124
1014
1170
1077
1108
858
1123
1170
1248
1014
1077
920
1232
874
1092
1388
1217
1233
1046
1170
1263
1201
1045
1373
999
983
1123
3385
1123
1263
998
1154
1373
889
1326
1326
1731
873
967
842
998
1046
1155
1248
999
1060
1186
1201
1264
1030
842
999
1014
1045
1061
905
1451
1014
983
1342
1311
889
842
1123
811
1030
1092
999
983
811
1123
1139
3635
1358
1061
874
1076
1029
889
1186
1201
795
795
795
889
1014
952
811
1170
936
889
982
1076
1404
982
874
920
936
1139
920
858
905
811
1139
780
1077
1061
1061
1014
967
1046
967
905
1217
1061
1077
1185
920
827
983
1046
1155
1030
1014
656
796
671
1014
765
780
1076
1185
1108
1076
1045
1123
968
1124
1030
873
1092
936
1029
1045
1123
999
1076
1357
968
1170
1170
764
1076
1060
1061
1139
843
873
951
764
1107
1092
733
874
858
812
889
889
889
1092
1310
967
749
796
842
983
1358
1029
827
842
905
905
952
765
748
1061
889
843
734
920
983
874
826
1014
764
890
1030
936
811
733
718
936
982
982
951
3416
905
983
889
764
905
889
999
889
951
3260
952
1576
1046
827
967
1139
951
858
999
1186
1061
998
952
967
1045
1045
811
952
1092
936
921
1061
952
780
780
858
1092
920
858
921
982
780
920
920
796
905
920
936
717
1060
1029
1108
905
718
1014
827
983
702
1045
1107
842
1045
858
1029
889
1138
1045
827
890
1092
936
983
905
1311
609
592
1170
686
936
905
593
936
890
780
1217
1498
1155
967
842
702
1294
920
999
717
905
718
889
765
609
687
624
920
827
733
874
858
1076
1092
1014
1108
889
702
921
749
827
718
1201
889
1014
842
842
749
889
811
764
780
874
874
5444
812
749
983
874
1404
858
796
780
827
1030
795
998
811
889
952
858
1170
858
983
890
1124
951
936
998
889
826
983
874
905
1107
1045
874
1061
1060
1045
858
67751
67673
1108
1482
31340
3198
874
1138
67704
31341
842
67861
999
1077
843
827
31419
67798
1014
31340
1185
983
67783
1045
67767
936
67767
936
1123
31340
1045
826
67782
67720
1060
31434
31481
31341
67736
1170
67658
811
67907
67751
1076
67907
999
827
67814
968
968
905
31512
67813
1077
1077
31466
67954
1108
967
31403
1045
1045
67907
951
1060
31481
842
31512
952
1030
68017
905
67814
67923
1061
936
31559
67782
1155
67939
67720
31419
68063
67657
67626
1326
31512
31527
67766
1076
31450
31637
812
67564
796
67720
67720
936
967
67767
67923
702
1014
68095
67845
904
1138
67704
68032
31575
67782
1295
31590
811
67720
67860
67892
31434
31513
31481
874
31575
1170
1076
31512
920
67876
31606
1045
67907
31605
67782
31730
1357
1170
982
67580
31762
31497
1092
749
31793
67658
998
1014
1186
68001
67907
1014
733
67642
31574
68235
67689
31622
31622
31622
67627
827
31559
842
67735
67642
67970
1014
67798
31762
31606
31855
67970
67970
31653
983
67705
827
1029
1061
67845
31606
827
873
31684
1201
733
1186
67922
67782
1108
1092
67767
67783
31809
31887
1451
905
31668
31700
67736
967
1170
67736
1279
1279
905
67767
31762
67829
67860
874
874
1467
1435
67626
67813
920
1060
67798
31809
67845
952
67626
31809
968
67627
67829
31808
951
67923
952
67876
1045
67532
67532
67876
1232
1357
67767
952
67502
31980
67907
67923
67860
31934
67783
67517
1014
67860
67891
67798
67517
31902
67907
31949
67970
67767
1045
67845
67782
1030
31934
68001
67751
31980
67844
67782
68157
31980
67845
31949
999
67892
67908
1030
32027
67876
1685
67891
67876
67564
1092
32012
68126
1201
5210
32011
1092
31980
67985
1123
67642
68079
68032
67767
67704
32089
67673
67548
67564
67736
1170
32090
67845
32152
67673
1326
67751
1154
1482
67470
68126
1202
1233
1155
67892
67470
67860
67829
67751
1201
32121
2917
1216
32167
1185
67736
67767
1170
32027
67611
67720
67689
67720
32027
32168
1280
32074
1185
67954
1185
32089
67845
67767
32105
32168
32090
67689
67502
1233
67532
32151
1232
1170
67673
1217
67658
1186
1217
1248
32074
67471
67689
32199
67798
32167
32308
1232
1201
67798
67705
1233
1217
32090
67549
1248
32339
67813
1248
67579
1232
67673
32089
1295
32074
32090
67720
1295
32168
67674
67783
67673
1295
32152
32339
1373
32089
1326
1326
32214
1373
32199
67876
32215
1358
32168
1373
32261
32308
32261
32261
32230
32152
1373
1389
1404
32074
1435
32261
32307
32120
67579
32214
67595
67658
67517
32214
67533
1466
1373
32152
32245
32152
67673
1451
1404
1404
67533
32167
1528
32276
67766
32183
67517
67579
32089
1435
32199
32199
1482
1529
1498
1451
1497
32308
32198
1451
32152
67564
32183
32168
32324
1513
32370
67658
32073
32167
32292
32167
1560
32058
32136
32246
32230
32074
32308
32137
32199
32059
32246
32246
32214
1513
32198
32136
32167
32276
1560
32152
67533
32323
32432
32292
32401
1591
1607
67658
32215
1607
67596
32370
32323
67626
67579
32401
32308
1591
32136
67720
67736
1545
32058
1576
67627
1653
32151
32355
1576
1591
67595
32339
32324
67720
1607
67501
32417
32183
1685
32276
1685
32183
67657
1809
1623
1701
32495
1716
1747
32277
32183
1684
32354
32121
1732
1654
32058
32199
32261
32152
32339
1732
32308
32261
32198
32698
67798
67658
32214
1841
32386
32151
1840
1762
32120
1684
32105
32167
32089
32230
1763
32261
32323
32261
32277
32370
1778
32245
32417
32152
32230
1919
67564
32573
32152
32355
32339
1794
32229
67844
1762
32573
32354
1872
32214
32293
32464
32339
32371
67533
32308
32230
32370
32386
1887
32214
67658
32370
1841
1857
32261
32463
1997
1888
32433
32261
32339
67736
32432
32292
1872
32292
1966
32464
1935
32324
32323
32463
67298
32697
1872
1934
32339
32230
67049
1934
32246
32246
67377
32370
32339
32558
2074
1996
32619
32370
1966
67377
32682
1966
2013
1997
32386
32371
32542
32370
32417
32386
32448
32651
2028
32448
67205
1965
32354
32417
1981
67268
32323
32683
32386
2075
32386
2090
32401
2059
2075
32464
66706
32370
32339
31590
66908
32417
2106
32385
66706
2137
67267
66722
67174
32323
32495
32464
32527
32464
2153
2137
2059
32276
66862
31497
32464
32464
32604
67252
2106
2168
67470
2168
30545
32526
2246
67283
66815
32464
32589
30264
2153
32542
2184
2138
32464
2106
31933
67033
66472
2215
66456
31715
2169
67299
2262
2200
2230
2246
2168
2231
31606
32526
2200
32683
67050
2200
66347
2277
32713
30841
2231
2246
66659
2200
2324
2231
67112
2215
2340
67050
66987
2324
2325
3791
2278
66550
66207
2293
2402
66472
2465
2294
2371
67439
2277
2277
2277
66800
2340
66284
66628
2402
33883
66846
2309
2340
66098
66550
2402
66176
32807
2325
2387
2372
2356
32932
2402
2403
2418
2371
2418
2496
2371
69857
2465
2356
66472
2434
2418
32978
5211
2464
2465
2402
2481
2512
66956
66675
2574
2527
66753
2464
2418
66332
2605
2574
2668
65817
2590
2496
2543
66643
2433
2589
2450
69826
2637
2574
2762
2636
2621
2574
65739
65708
66332
2683
65660
2636
2512
2621
2605
16380
2668
2636
65707
66363
65755
65567
65567
65723
2620
65567
65894
65551
2652
66082
2917
66394
65817
65583
65848
2715
66114
2652
65957
65708
65599
65911
65941
65567
65894
65614
2620
65676
65567
65910
65567
2699
65629
65848
65661
65895
2730
65941
65848
65536
66035
2808
65817
65660
66004
65645
65536
2745
2652
2714
65630
2730
65645
65521
2730
65895
2746
65505
65505
65692
65598
65817
65505
65754
2715
65755
65396
2761
2808
2808
65692
2792
2792
65863
65692
2824
65817
2714
66036
65802
2871
65801
66004
65973
65349
65911
65677
65786
65942
65629
65645
65582
65738
2855
66347
65817
65708
2762
65380
65490
65302
65754
65785
2855
65707
70918
65833
3010
2854
34257
65707
2870
65567
65411
2933
65427
65380
65801
65208
66628
65474
65505
65536
2871
65271
65505
3104
65224
30264
2870
65551
65895
65380
2949
65661
65817
65193
65505
2886
2917
34429
2964
2917
65630
2996
2902
65677
65521
3011
65848
65661
65286
65630
65177
65614
2964
65177
65380
3011
65676
65552
3011
65474
65162
65724
65271
3089
3120
65848
2995
2964
65505
2980
65489
65474
65270
65348
65692
65224
65318
3042
65099
65583
65318
65302
65505
3073
65598
65427
65286
65411
3058
65489
65396
65443
65099
65255
65162
65567
3135
65426
3088
65380
66206
65442
65396
65334
65240
65568
65802
65380
65583
65505
65161
65598
65395
65224
65177
65302
65801
65208
3166
65458
3135
65473
65364
65193
3104
65271
65443
65256
65271
65412
65412
65162
3152
65380
65193
65115
65317
65583
3198
65271
3151
65474
65395
65302
3167
65333
65162
65240
65146
3198
3167
65287
65505
3230
65083
65380
3260
3183
65162
65177
65333
65286
3245
65021
65318
65193
65318
65302
65240
65302
65708
65224
65083
3322
65177
65099
65598
64756
3261
64881
64943
65317
64943
65442
3432
3307
65302
3369
65161
65224
65052
3416
3432
3401
65021
65255
64725
65302
3432
3369
3401
64865
3385
3401
65474
65006
65271
3463
3417
65427
65348
65333
65270
3354
64163
3354
65286
65161
3385
65036
3401
65380
65864
65162
3463
65130
64319
3401
3479
65037
3432
64725
3525
3416
64850
64725
3556
65036
3478
64943
3416
64912
65957
64975
65037
65536
65677
3604
65131
64834
65239
3541
3448
3510
64959
64865
66098
64803
3495
3447
64756
65021
3525
3478
65848
3526
65100
3620
64069
64990
65552
3495
65848
65005
3572
3572
3619
3651
3541
64819
65676
3681
65052
63820
3650
65286
3635
3588
3588
64194
3603
65380
30046
3619
3666
3775
3650
62136
3744
3650
3713
3682
3713
3713
62119
62244
3666
3806
62135
62167
3713
62088
3791
3760
3713
3791
3744
62166
62384
62057
3759
64038
3791
3729
62260
62370
62026
3853
63399
3775
62213
62353
3775
62197
3837
62369
62119
62229
62073
62182
62494
3775
3853
62182
3822
3932
62338
62291
62260
65349
62104
62166
3822
63414
62385
62463
63508
62307
62385
62354
61932
62338
61995
3916
62229
3853
62354
62120
62338
61980
62073
3822
3869
3915
3822
62104
3915
3931
62260
3978
62275
61886
62213
4072
62229
3947
4009
62057
3837
62244
3915
3978
62026
62322
3947
62151
3884
62463
3916
61902
3947
62494
3932
61776
62275
3947
3915
62073
62229
3994
4072
62135
62104
62010
4056
61776
62119
61604
62213
62088
3931
62042
4025
3947
62385
4087
61823
62291
62728
62120
3900
62166
4040
3962
3978
3931
3931
3932
4056
4149
4071
4040
3962
62213
4009
4103
3947
62229
62432
62135
4087
62135
62447
4024
62213
4134
4009
62229
3994
4010
3963
4166
62198
4025
4041
4009
3962
4165
62463
4102
62463
4103
4056
4259
4134
4087
4009
4056
4056
4852
62448
4181
4181
4119
4462
4274
4150
4181
4181
4212
4181
4228
62525
4181
62525
4228
4244
4352
4227
4508
4384
4321
4275
4431
4321
4461
4509
4290
4321
92493
4337
92493
4383
4587
4446
92509
92508
4352
4399
4352
4352
4618
92524
4461
4399
92539
92540
4415
4399
92555
4414
36207
67595
92540
4477
92508
4508
4508
92509
4509
92509
62962
4493
4508
4508
4524
4462
4509
92555
4539
67423
92539
92555
92555
92571
92540
92540
4539
92571
92571
4493
4509
4555
92571
4508
92555
92555
4633
4571
4602
4586
4539
4617
4555
5398
92634
4649
4602
92634
4711
4680
92649
4696
4680
4587
4696
4680
92680
4711
4696
92696
4664
4664
92727
4680
92727
4712
92727
92727
4680
92742
4836
4821
92743
4743
4742
4742
4758
92774
4696
4742
4727
92789
4851
4820
92820
4805
92837
92837
92837
4852
4742
4774
4852
4899
92836
4820
4758
4883
4851
4898
4836
92851
4852
92836
92852
5149
4805
92852
92852
4898
60045
4899
4790
4883
4992
4929
4851
92883
4914
4930
92867
4930
4946
4946
4914
4914
92898
92898
4836
92914
92899
5148
4929
4945
4976
4961
4961
4915
4930
4961
4945
4961
4976
5007
4945
5023
4992
92992
5086
93023
93023
4992
93039
4977
4992
5210
93039
93055
5039
5055
93071
5008
93055
93070
93070
93070
5086
5102
93070
5055
5320
5102
93117
64367
5055
5133
93117
5102
5179
93133
5117
93133
93148
5148
5085
93148
93133
5242
93149
93148
5164
5180
93179
5210
5163
5179
93163
93179
5242
93180
93211
5241
5273
5226
5242
5226
93226
6100
5273
5195
5335
93257
5335
93273
5289
5304
5289
93273
93288
64756
5335
5289
5242
5242
93289
5398
5273
93288
5257
5413
93288
5570
93319
93335
93335
93336
5398
6085
5351
5429
5320
5366
5429
5367
5288
5429
93398
5382
93414
5367
5382
5304
5476
5351
5398
30092
5382
6084
5445
5554
5492
5413
5476
5351
5398
5476
5414
5445
93476
5382
5492
5429
69467
5445
5460
93523
5570
93523
5460
5460
93538
5632
5913
93553
5475
93553
93569
93569
93569
93570
93585
5710
93601
93600
5538
5553
5507
93600
5538
5523
5507
5538
93632
93632
93647
30202
5585
5554
93663
93679
5554
93679
93695
60201
93710
93694
5647
5585
5741
93710
5647
93725
93725
93725
5616
93725
5663
5803
5663
93772
93757
5679
5648
93772
5694
6069
93772
5788
93803
5726
5710
5725
93835
5757
93835
93835
93850
5756
5803
93850
5757
5850
93850
5834
5850
5741
93882
5788
93882
93881
93897
6428
5882
93882
5819
93882
93897
5819
93913
6412
5866
93913
5835
5850
93897
93913
5960
5882
6038
93913
5928
6021
5912
93928
5913
5913
93928
5944
5913
93959
5897
6037
5944
93944
5990
5944
5944
93960
5913
5913
93959
6021
5959
5991
6209
93975
93991
6085
5975
93991
6022
5912
5975
5990
5975
94006
7504
5912
94022
6022
94022
5897
94038
94053
6037
30654
6037
6053
6100
94053
6147
6038
5944
6006
94053
6193
94053
6006
6037
6021
6053
5944
94053
6053
5991
6006
94069
6162
5990
6131
6037
6084
6100
6037
6162
6084
6006
6178
6037
94193
6131
6287
6084
6209
6209
6365
6100
6162
6147
6209
6147
6131
6131
6178
6147
6271
6287
6303
6272
6209
6256
6209
6256
6334
6209
6194
6240
6380
6287
6443
6287
6287
6303
6256
6334
6272
6646
6193
6193
6381
6428
6256
6895
6411
6240
6427
6380
6458
6427
6287
6443
6381
6381
6475
6443
6318
6365
6380
6458
6396
6365
6380
6443
6490
6443
6474
6490
6630
6474
6411
6583
6506
6615
6475
6474
6459
6599
7441
6568
6568
6584
6614
6490
6614
6614
6599
6536
6505
7488
6567
6475
6506
6475
6568
6568
6583
6599
6490
6662
6755
6661
6489
6692
6973
6739
6490
60076
6552
6630
6677
6536
6584
6583
6692
6677
6708
6818
6708
6677
6677
6692
6724
6615
6631
6724
6771
6631
6786
6786
6692
6942
6724
6864
6849
6646
6724
6709
6724
6692
6646
6692
6724
6817
6755
6677
6693
6771
6927
6693
6833
6771
6802
6801
6802
7067
6833
6833
6864
6958
6818
6942
6864
6880
7098
6817
6880
6802
6880
6739
6895
6880
7036
6896
6848
6957
6911
6880
6865
6896
6896
6787
6818
6833
6802
6973
6849
7052
6896
6989
6818
6833
6911
6927
6880
6974
7020
6942
6864
6911
6911
6958
7020
6911
6927
7036
7036
6895
6958
6911
6927
7020
7004
7098
6927
7208
7083
7004
6989
7020
6942
7005
6989
7067
7878
7067
7036
7036
7161
8175
7067
7067
7114
7145
7426
7036
7098
7083
7114
7036
7098
7176
7082
7332
7067
7129
7317
7176
7191
7207
7177
7176
7239
9033
7239
7191
7223
7192
7207
7238
7238
7270
7207
7270
7504
7301
7317
7254
7316
7410
7239
7301
7270
7410
7348
7410
7363
7613
7426
7364
7379
7348
7441
7379
7442
7332
7488
7504
7457
7379
7457
7457
7535
7504
7364
7379
7472
7488
7504
7426
7441
7426
7535
7442
7379
7504
7426
7519
7519
7504
7395
7426
7520
7441
7535
7394
7550
7535
7441
7519
7551
7489
7457
7472
7472
7520
7473
7566
7503
7441
7441
7941
7550
7675
7503
7519
7628
7629
7597
7597
7535
7457
7473
7675
7457
7597
7582
7457
7628
7535
7644
7645
7598
7597
7472
7613
7550
7628
7520
7785
7738
7629
7472
7581
7691
7644
7473
7675
7519
7582
7613
7535
7675
7582
7769
7737
7815
7675
7613
7582
7691
7941
7753
7613
7644
7644
7691
7691
7613
7645
7691
7676
7644
7707
8035
7706
7738
7691
8003
7691
7691
7706
7753
7723
7738
7738
7769
7816
7925
7785
7847
7738
7816
7847
7785
7847
7737
7847
7737
7894
96206
7879
7972
7862
7894
7909
7769
7769
7847
7909
7925
7894
7847
7956
8065
7894
7956
7941
7847
7800
30046
7862
8065
8050
7894
7909
8003
7957
7879
7847
7957
8019
7894
7941
8050
7893
7971
7956
7910
7988
8018
7987
8003
7988
7847
8081
7878
7988
10093
8174
7987
8081
8190
7972
7956
8003
7972
8268
8253
8205
8018
7971
7956
7925
7925
8112
7988
8128
8034
7941
8393
8299
8003
8128
8175
7925
7909
8159
8065
8175
8097
8066
8112
8050
8081
8190
8315
8081
7941
8112
8034
7987
8065
8097
8222
8096
8034
7972
8018
8159
8096
8034
8097
8003
8019
8019
8113
8050
8175
96346
8127
8159
8206
8128
8269
8081
8408
8159
8097
8127
8221
8222
8221
8237
8268
8253
8393
8206
8284
8283
8221
8222
8315
8315
8237
8331
8252
8330
60544
8362
8518
8409
8331
8315
8284
8331
9485
8408
8346
8424
8315
8299
8377
8346
8471
8456
8424
8315
8377
8362
8440
8487
8502
8424
8455
8455
8517
8409
8456
8377
8533
8409
8471
8502
8471
8517
8393
8486
8377
8487
8440
8440
8502
8502
8549
8409
8502
8502
8533
8424
8627
8362
8362
8534
8362
8564
8502
8674
8596
8612
8580
8564
8377
8486
8549
8565
8456
8518
8627
8565
8612
8549
8533
8611
8455
8518
8690
8612
8503
8596
8768
8534
8612
8658
8549
8580
8798
8456
8689
8564
8580
8580
8378
8642
8580
8518
8596
8487
8596
8768
8673
8299
8283
8595
8658
8611
8737
8300
8596
8580
8642
8752
8643
8456
8939
8736
8580
8253
8721
8440
8455
8627
8674
8487
8518
8315
8471
8330
8533
8596
8408
8595
8502
8362
8705
8798
8658
8674
8424
8518
8347
8643
8362
8347
8658
8378
8799
8534
8486
8440
8393
8440
8502
8533
8893
8440
8533
8580
8486
8471
8518
8471
8517
8549
10000
8783
8471
8471
10015
8861
8939
8565
8487
8534
8486
8596
8565
8549
8549
8502
8658
8502
8503
8627
8658
8502
8627
8689
8721
8548
8642
8673
8564
8674
8642
8533
8470
8533
8533
8736
8565
8596
8658
8798
8580
8783
8736
8720
8549
8533
8674
8768
8612
10093
8580
8518
8658
8736
8642
8549
8736
8596
8705
9126
8751
8720
8986
60840
8720
8752
8690
8642
8673
8861
60871
8580
8580
8690
8690
8721
8736
8704
8783
8705
8674
8783
8830
8720
8580
8705
8736
8751
8861
8767
8814
8799
8814
8877
8595
8892
8829
8751
8814
8580
8674
8720
8674
10484
8923
8689
8814
8611
9001
9220
8705
8861
9001
9079
9048
8782
8986
9002
8752
8705
8924
8892
8830
8955
8908
8830
8798
8907
8860
8954
10593
9095
8970
8970
8892
9063
8814
9002
10702
9391
8860
8861
8861
8907
10359
10796
11965
10639
10998
97267
12590
8923
97485
13198
97782
8408
7925
4461
3447
2090
31200
60435
30857
30810
328
62
265
30685
47
94
30935
312
234
296
483
188
297
249
577
97672
97656
61277
61277
97656
97657
32854
61355
97641
109
312
47
97641
47
187
97609
172
61434
61418
171
47
250
61355
97594
61433
97594
234
61449
375
171
187
187
405
97516
61512
266
30732
187
156
187
203
234
187
266
203
97548
97517
61527
97531
61605
97547
61527
312
250
97626
281
374
97641
499
328
97641
344
61667
97626
390
97641
61714
280
97625
97594
110
109
47
483
265
61745
61823
97609
97594
312
61917
515
219
328
97532
437
140
97485
375
187
499
61917
484
141
141
234
97469
452
530
437
468
78
97470
110
109
97469
452
530
125
97469
530
374
577
328
97470
234
577
234
593
312
97438
686
61979
97453
97454
187
62011
281
328
140
655
343
97438
468
343
218
280
390
234
172
359
281
327
203
390
297
265
97438
374
188
97407
374
374
97407
359
733
436
187
405
358
390
437
97391
62182
546
499
405
312
343
359
62182
97376
97391
452
421
453
328
374
452
312
249
437
437
437
453
281
297
390
62229
62292
62135
483
203
62198
172
436
390
639
62322
406
97391
62166
437
406
422
359
62167
281
327
62182
531
515
328
375
405
514
249
296
296
265
97391
484
562
359
655
390
97407
390
499
374
62166
359
266
546
390
62260
749
62119
452
452
62275
97391
405
390
312
312
62213
62276
62369
374
577
62260
421
406
406
62370
62292
62104
390
62369
406
515
62260
62213
62369
62244
453
874
62182
97158
62245
764
671
62385
62182
546
62369
561
561
531
577
592
62244
62088
904
499
796
655
62088
62292
62260
62260
546
639
608
593
62245
702
62354
97080
608
62182
578
593
62338
608
62260
531
97048
624
62322
952
905
640
749
702
562
546
702
717
765
437
718
639
96939
780
842
904
733
748
842
96799
562
858
62323
718
749
530
515
561
96767
733
749
593
62306
592
483
733
96673
811
702
842
858
62229
718
1046
656
733
62478
702
531
499
686
811
764
62431
96565
62416
796
998
983
968
921
62557
499
873
62478
62541
62479
62557
702
96439
671
936
686
686
624
96346
624
718
811
827
795
904
1029
96268
515
952
718
515
920
702
795
96143
686
1014
624
718
765
749
811
749
702
60950
733
718
717
764
717
733
640
577
671
843
749
561
780
655
640
687
717
842
764
1046
890
671
967
749
796
96159
96128
1108
749
951
920
936
812
2278
95879
812
811
1107
796
811
842
95738
749
95706
749
858
795
843
95675
858
842
95660
874
842
95645
843
1170
95628
842
873
95613
920
826
858
95566
95519
812
95519
905
905
811
95535
95535
920
904
95504
983
999
858
95535
983
95520
873
2433
1092
936
873
920
95519
983
95504
95504
1108
999
843
1046
95489
95472
967
983
95457
982
998
95473
1030
905
95410
1030
1061
905
95348
1092
95348
1155
1061
95332
95317
858
95317
999
1248
858
1076
95301
1030
1077
95285
936
1123
1045
95239
827
952
95223
1046
921
1061
95192
1029
1107
1311
999
1092
1170
95176
1029
95160
1264
1030
983
95145
1326
1124
968
95145
1357
1154
64147
1404
95161
1123
95145
1092
95145
858
1202
95145
1045
95145
811
999
95130
1092
983
811
920
95113
1108
95114
1092
1123
1077
1014
1092
95067
1108
1029
95067
1045
1092
1107
1170
1029
873
1139
920
1061
1061
95098
95083
1248
858
95067
936
1045
1482
951
95067
95052
95067
889
2605
1061
95051
1529
952
95021
952
1263
1170
95020
1451
905
95052
967
95020
983
1186
95035
1030
1030
936
95021
1389
1014
968
1014
1029
94989
936
1045
94927
952
1107
1092
1139
94817
1061
94802
60060
94771
2200
1077
1092
94723
1030
94677
1233
94646
967
94599
983
1092
1108
94568
1123
999
1076
1045
1295
1326
1155
4259
1264
1389
1232
1186
94037
1170
1092
1061
1045
1045
1217
1154
1202
1108
1139
1248
1263
1404
1170
1185
1233
1233
1216
1248
1060
1216
1186
1232
1248
1076
1326
1186
1420
1248
1170
1248
93273
1840
1357
1186
1233
1311
1217
1217
92196
1217
92165
1295
92119
1232
1513
92119
1170
1357
1310
1420
92103
1217
1373
92087
1341
1264
92072
1264
1342
92056
1248
92056
1342
1311
92010
92010
1341
92025
1341
1279
1607
91994
1295
1232
1310
1341
1497
1560
91978
91978
1326
1202
91962
1341
91947
1389
1248
91900
1326
1372
1373
91885
1373
2418
1482
1389
91885
1202
1358
91884
1248
1404
1217
1482
91869
1310
1388
1451
1513
1389
91869
1420
91823
1373
90901
1404
1294
1404
1419
1419
1326
1466
1357
1358
1419
1357
1357
1357
1435
1466
1357
1326
1450
1513
1420
1373
1342
1482
1466
1389
1607
1435
1810
1389
1513
1451
1451
1919
1731
1778
1294
1451
1310
1373
1497
1373
1419
1311
1544
1326
1622
1654
1700
1404
1467
1544
1622
1732
1498
1763
1466
1279
1591
1607
1451
1326
1358
1607
1653
1497
1560
1435
1435
1482
1513
4274
1529
1794
1545
3089
1560
1591
1731
1529
1575
1466
1622
1622
1451
1467
1466
1529
1482
1591
1560
1310
1560
2028
1575
1404
1482
1560
1482
1451
1373
3182
1467
1466
1560
1450
1591
1638
1591
1529
1685
1373
1419
1575
1638
1404
1466
1497
1498
1467
1373
1466
1404
1576
1544
1545
1747
1575
1435
1560
1591
1373
3432
3088
1794
1607
1560
1607
1638
1451
1389
1685
1700
1388
1451
1389
1388
1560
1498
1653
1560
1497
1591
1638
1606
1560
1622
1451
1794
1592
1623
1607
1669
1606
1560
1497
1591
1607
1607
1513
1700
1607
1685
1653
1498
1607
1482
1576
1576
1607
1731
1638
1560
1669
1638
1918
1528
1669
1576
1716
1576
1731
1685
1638
1685
1607
2012
1685
1654
1622
1903
1653
1622
2106
1638
1763
1638
1809
1778
1779
1607
3339
1918
1762
1763
1794
1825
1950
1982
1748
1841
3292
1809
1872
1841
1825
1701
1934
1716
1700
1810
1888
1778
1810
1810
1872
1763
1841
1763
1857
1841
1763
1981
1778
1825
1560
1498
1545
1778
1638
1716
1872
1653
4586
1857
1607
1919
1607
1544
2059
1856
1575
1513
1872
1685
1872
1872
1887
1700
1638
1669
1638
1607
1794
1966
1638
1997
1810
2044
1576
1716
1935
1996
1872
1872
1997
1857
1669
1622
1638
1779
2106
1763
1794
1747
1794
1653
1591
1747
1654
1747
1935
2013
1514
1888
1763
3978
1857
1779
1966
1810
1826
1873
1982
2075
1794
1732
1857
1857
1826
1763
1763
2403
1888
2434
1887
1825
1856
1809
1966
1919
1903
1856
1965
1919
2309
2933
2075
1623
2340
35616
2309
6053
2902
1451
1216
4057
982
920
3823
468
281
172
234
187
374
297
140
46
94
141
32
47
62
141
5585
109
109
93
234
15
156
125
281
390
0
4352
281
125
125
343
47
172
140
16
156
46
140
140
234
218
250
156
63
94
110
15
156
32
109
5897
156
15
156
93
47
0
187
78
47
110
328
296
31
218
37254
16
0
47
187
47
109
140
47
218
109
156
218
297
187
125
140
47
234
109
94
218
47
109
31
125
94
31
125
109
109
219
78
250
15
156
94
312
16
15
47
125
47
125
78
78
343
125
156
125
390
15
265
16
31
156
202
62
281
172
141
141
124
109
78
47
327
16
109
140
94
109
46
203
359
0
78
452
141
188
63
78
62
265
124
16
171
202
0
78
187
47
29999
47
63
109
141
218
125
16
63
62
218
125
234
47
46
94
62
202
125
109
109
328
187
94
125
156
187
47
234
234
156
234
125
31
31
125
125
94
94
31
94
31
78
47
234
125
78
0
78
31
140
265
38455
38470
109
140
62
94
359
187
38486
38579
62
38626
38564
125
140
343
62
78
38704
219
202
47
38486
125
172
296
31
172
297
38657
38595
265
38907
93
38735
265
38813
188
140
218
38657
390
390
38595
218
515
249
38720
219
281
436
156
38641
38735
281
38579
265
93
359
78
312
218
421
296
265
422
156
327
38548
468
140
38563
281
38657
406
312
38828
38626
187
296
140
343
219
609
296
38782
110
38641
343
38735
171
375
78
38626
38751
156
38829
156
188
125
172
141
141
297
39016
38907
265
38720
38766
265
436
78
38907
203
312
38719
390
39391
188
265
93
78
359
203
124
38703
343
281
94
187
38782
344
172
296
234
218
94
218
250
312
234
38876
39016
39031
203
328
328
281
125
702
125
38673
38845
687
38844
93
38953
172
484
109
312
327
296
38813
343
328
328
38704
38860
38845
437
38689
250
328
187
327
38953
39000
359
156
343
203
38782
202
171
39000
359
38798
531
219
468
312
374
359
38782
203
234
38875
38797
38735
38844
38735
203
38860
38813
38891
38922
453
437
39032
281
38813
39032
39156
327
327
218
39015
38953
218
38766
38922
250
375
484
562
38828
38829
343
38813
499
437
358
38937
38922
38813
281
593
328
375
38969
344
562
38891
421
374
38938
406
375
38876
38813
405
38937
38891
38766
592
670
514
38875
39016
421
406
39047
39047
437
38845
38954
39203
38875
38860
38891
38860
38829
421
436
452
38845
468
39062
38984
468
38922
39016
452
530
546
39266
38954
38906
39031
38985
38969
577
546
38984
38844
577
39047
39110
39281
624
38969
38985
39047
39047
639
39062
639
39109
39062
39015
38875
39000
38985
671
38985
671
39094
38891
39016
39078
38907
702
686
38969
38969
39031
608
38922
39000
38969
702
39001
39110
702
39047
718
39125
733
717
39452
39141
39031
749
39219
734
764
39094
39000
39063
765
811
39109
795
39015
780
655
39125
796
734
765
796
655
795
39047
39032
858
795
780
842
39031
811
780
812
718
39016
889
982
842
936
874
780
39141
39078
39000
764
39188
38985
39328
39016
39390
39140
936
920
796
39266
39094
39110
39250
39141
38969
921
39312
39203
39125
811
936
39281
795
39047
39343
920
1030
39031
38969
889
983
998
39265
936
1045
952
921
999
967
39359
39266
39281
39297
1138
39062
39093
936
39156
795
967
1170
39359
1092
843
1061
905
39172
39079
1077
936
39094
951
998
39172
39218
983
39343
967
967
39188
1045
999
983
1107
951
39218
39187
1030
998
39016
983
2574
39079
1030
39063
1014
1061
39172
39109
39109
1014
873
39187
951
39047
874
39531
936
39125
39218
39062
39015
39062
904
1076
920
1014
39079
39110
39032
39188
1030
39344
39188
39343
39234
936
39016
39250
1077
39203
38985
951
1388
39172
1310
39234
39016
39219
952
1139
39234
39172
1233
39188
39125
39063
39234
39109
983
39188
1108
39250
39141
39234
39141
39281
1076
1014
39234
1108
39110
39266
39079
39234
39078
39203
39140
39171
1107
39156
39157
39437
39140
39203
39234
1107
39109
39110
1155
39281
39110
1404
1138
39327
39203
39343
39281
39078
1123
39063
1498
1186
1155
39281
39281
1170
39015
39453
1108
1186
1124
39328
39250
39265
39328
39343
39203
1217
39203
1248
39172
39328
39203
1435
39375
1279
1233
39063
39313
1342
2387
1295
39172
1326
39109
39546
39188
39141
39468
39421
1326
1216
1294
39094
1342
39468
39110
39203
1326
1295
1310
39499
1263
1357
39172
1295
1248
39421
39359
1373
39687
39250
1373
39749
1279
1310
1341
39234
39905
1295
1373
1295
1435
1232
39374
39171
1310
1388
1466
39297
1279
1326
1373
1342
1404
1404
1482
1279
1482
1373
39359
39219
1388
39515
39327
39343
39328
1466
39313
39359
39312
1435
1451
39390
1404
1732
1482
1575
1497
39094
1685
1467
39188
39406
1529
39437
39374
1497
39343
1497
39453
1513
1575
39452
39281
39405
39390
1482
39359
39110
39359
39391
39001
39484
39032
39000
1591
1513
1779
39624
39203
1560
1513
39468
39406
39281
39453
39344
38906
39359
1622
38907
39375
39343
39327
1654
38938
1591
39375
39344
39530
39203
39374
38969
1607
39218
1622
1700
39078
39031
39406
38953
1560
2060
39110
39140
1622
38954
1560
1623
39032
1591
39047
39000
38984
1654
1700
1654
39125
39000
39328
39749
39593
39343
1685
1748
1685
1701
39313
1685
1716
1810
39016
1716
38985
39078
1856
1684
39156
39078
1747
38938
1669
39016
39110
1731
1794
39032
39156
39188
39141
39188
1778
1747
1747
39265
39500
39406
1732
39094
1732
1997
39172
1825
1794
39188
1981
39172
39047
1778
39031
39499
39078
39031
38969
39079
39078
1778
39234
39110
1857
1794
39733
1810
39187
41231
1841
39125
1857
39078
39078
1934
38984
39172
1872
1872
39500
1935
39031
39125
39016
1919
39109
1919
39001
1950
1872
39156
39218
39187
39218
39921
39171
39234
39078
1981
39172
39187
1982
2044
2060
2060
2012
1997
39031
1965
39172
1950
39172
39172
1981
39047
39109
1997
39047
39656
1982
39125
39001
2075
2075
2028
2075
1981
2028
2028
2028
2044
39250
39094
2153
1981
39094
39437
1996
2028
2121
2074
39047
2028
39078
39141
2122
39078
2044
39032
2075
38985
39203
39374
2137
39141
2059
2122
2153
39250
39374
2028
2152
39312
39391
38969
2044
2200
2091
2168
39140
39234
39047
2074
39624
39187
39468
2199
39187
2059
39156
2246
39031
39484
2122
39344
38938
39203
39203
38938
39281
2153
39218
2200
2169
39110
39312
2152
2277
2137
2184
2308
39171
2246
2230
2230
39171
39078
2152
39078
2246
2137
2168
2231
39265
39078
38985
2184
39094
2247
2247
2184
39328
2231
39266
39031
2121
2262
39406
39203
39078
39141
39749
2153
2278
39187
39125
39249
39078
2230
39218
2324
2246
2231
2278
2168
39063
2325
2294
2200
39188
39062
39047
39000
2324
2246
39234
38985
38829
2449
2184
39125
2293
39203
2262
2293
2262
39421
39390
39016
2262
39281
39063
2153
39078
2293
39359
39000
2434
2309
2324
2184
2433
39390
38953
39141
2340
39125
38938
39250
2340
39000
2355
2293
38938
2356
39125
39515
2278
2387
39094
39437
2355
2371
38844
38953
2371
2371
39203
2356
39328
2356
39219
2372
39219
38938
2402
39780
39546
39390
38751
2356
2371
39047
2386
2433
2277
39405
38766
38875
2465
2372
38954
39374
2309
2433
38688
39016
2356
2543
2371
2403
2355
2371
38797
38751
2418
39172
2403
2402
38844
2402
39172
39172
39063
39141
38704
39141
2371
2481
38735
38703
38813
2683
38860
38969
38875
39297
39109
38844
39032
39063
2434
38860
38782
2465
38719
38828
2449
2480
38984
2496
39156
38828
39125
39000
39032
2465
38766
38751
38938
39031
38828
38844
38657
38750
2932
38844
38891
39031
2496
38751
39484
38923
38860
39608
38969
38922
2511
38906
39047
38813
2558
2480
39000
2496
39093
38922
39078
38735
38797
39546
38829
2527
2590
38767
38876
38688
38938
38750
2558
38954
39531
38985
38985
38875
38672
38969
38673
39406
38641
39000
38876
38782
38844
38891
38985
38876
38735
38735
2637
39078
38875
2652
38813
38797
38891
2574
2636
38891
38735
39157
38907
2574
2589
2652
2589
38860
38813
38828
38626
2668
4243
38906
2714
41278
38844
39811
38782
38813
38813
38845
38533
2652
38844
2730
38891
2746
38798
2714
39000
2777
38938
39047
38875
39468
38611
38954
2793
2745
38797
2761
38860
2730
3603
38688
38563
38392
38781
38797
2854
2714
2808
38813
38517
38532
38844
2855
2824
2762
2808
38486
2808
38361
38969
2683
2870
38953
2808
38439
38844
39031
2870
38313
38891
38875
38750
2808
38985
38782
38797
38626
38298
38767
38782
2715
38689
38533
38860
38720
38642
38267
38454
38642
38985
38439
38532
38673
38735
2824
38486
38673
38610
2871
38548
38454
2917
39141
38579
38376
2730
38563
2745
38376
38797
38610
38345
2824
38189
2870
2855
39094
2964
2886
41107
38174
2824
38813
38548
38470
2886
38236
38906
38626
38860
38657
38080
38251
39000
38454
38564
38080
38532
38532
2808
38485
2917
2839
38251
38781
2839
38033
38610
38751
38283
2949
2933
2792
2901
38204
2933
2777
38750
38564
38252
38018
38782
38018
38017
39125
3042
38126
2995
38641
38407
2886
2933
38439
38283
2949
38954
38439
38751
38486
2964
2871
38860
2933
38236
38189
3104
38516
38142
37939
38563
38111
39219
2980
2871
38704
38220
3120
38408
2855
3120
38079
38033
38579
38423
38532
38142
38173
38142
38157
38719
38470
37971
38673
38376
38220
2933
38267
37971
38860
38688
3089
3152
38111
38611
2933
38283
38423
43072
38142
3011
38095
37721
3027
2886
38781
38204
37705
3026
37846
2933
38267
38844
38329
38267
37705
38501
3073
2979
38298
38204
37706
38127
38953
38641
38157
38142
37659
37659
37971
2964
38205
37908
3058
3167
38049
37987
3292
37862
38049
37861
38392
37783
38064
37612
3136
38096
37862
37659
37893
37986
37752
38126
3182
37596
38704
37690
37893
37737
38080
38423
37987
38096
37862
37612
38345
37908
37846
37768
3276
37877
3089
37893
37955
37830
38173
37955
37845
3073
38064
37970
37939
37736
3136
37627
3089
3182
37909
37534
37893
37721
37736
3260
37534
3105
3183
38002
37783
37565
37658
38111
38407
38048
37503
37768
38423
37627
38876
37846
37846
37628
37472
37643
38719
37596
3213
37815
37784
37830
37752
37674
37784
37939
37689
37596
37939
37861
3245
3230
37846
37784
37534
38080
37752
37565
37721
37487
37783
37736
37971
38111
37768
37596
3244
37799
37611
37767
37533
37767
3229
3307
38205
37549
38782
38158
38064
37815
37674
3292
37799
3292
37909
37753
37581
37565
37736
37986
37721
38361
3354
37721
37627
37955
38111
38127
3323
37768
3354
37924
37550
37753
37705
37674
3432
38080
37674
37908
3322
37502
38048
37767
4306
37799
37830
37440
3370
37441
3401
3448
37581
37675
3338
37393
37784
37659
37347
37877
37752
37643
3463
37362
37331
37627
37627
3370
37315
37752
3495
3464
37284
37643
38485
37658
3494
37784
37596
3510
3541
37175
37674
37721
37534
37113
3557
3510
37565
3479
37549
3432
3510
37658
37362
38002
3541
37752
37612
37238
3557
37206
37050
37003
38142
37409
41044
37612
3510
3541
37378
36972
37425
3541
3588
37628
3744
3557
37768
37503
37347
38969
37051
3557
37768
38017
37814
37393
37128
37222
38407
37627
38096
3495
37628
37581
38111
3494
37518
37409
3556
36831
4415
37471
37222
3666
36785
37222
37519
37175
36739
3572
37596
3619
3619
36738
36722
37659
37331
37066
37004
36894
36957
3619
38095
37237
37050
36987
37315
36738
37409
37050
37378
36957
36972
37269
37097
37315
37316
3573
36895
37659
37659
37565
36660
37097
38142
37346
37175
37284
36909
3822
3634
36738
3729
37363
37425
37706
37690
37191
36551
36848
37113
36832
37362
36816
36613
37050
36270
36878
38189
36207
36987
36863
3728
38267
37924
3853
36879
3775
3900
36941
37082
34633
37004
37175
36644
3697
36941
36925
36910
36878
37612
3791
36707
37347
36941
37253
3759
36925
37237
3915
33712
3775
36957
36863
36411
36894
36847
36660
37503
36489
3760
36489
36926
36817
3760
36505
3822
37206
30124
36722
36520
3838
37035
36660
36956
34538
38329
36535
35397
3900
3806
36582
36489
3760
38423
30171
36458
37877
36505
36567
3776
3853
36379
3931
3806
3775
36598
3885
36629
36676
36363
3853
36504
32385
35880
36426
3916
31622
36707
3885
30265
31996
3853
3884
37253
3869
36536
36831
3931
3900
3932
3947
3994
37206
36582
3978
3978
3978
37690
3994
38750
37066
4025
37237
36847
4040
4056
4071
4056
4103
4087
4025
4306
4102
4056
3993
3978
4088
4041
4196
4103
4056
4258
4165
4118
4196
4087
4103
4071
4228
4383
4196
4259
4119
4149
40467
4196
4197
4368
4212
4274
4227
4181
4103
4321
4150
4181
4305
4227
4258
4414
4243
4196
4196
40264
4150
4181
4197
4430
4259
40404
4181
4290
4150
4181
4150
4196
4446
4353
4197
4212
4165
4415
4243
4243
4321
4321
4290
4321
4305
4461
4352
4399
39890
4290
4539
4368
4384
4306
4399
4321
4290
4368
4384
4368
4353
4275
4383
4321
4321
4352
4352
4400
4353
4383
4399
4384
4384
4477
4430
4415
4524
4539
4446
4446
4493
4477
4492
4602
4680
4602
4664
4602
4649
4649
4696
4696
4696
4711
4742
4696
4742
4758
4774
4742
4836
4836
4882
4852
4868
4899
4883
4899
4914
4914
4914
4898
4867
4898
4961
4851
5928
4929
4929
4992
4929
4961
5039
4977
39859
4961
4992
5039
4960
4976
5023
5008
5023
5039
5054
5039
5024
5024
5070
5116
5086
5086
5211
5133
5132
5133
5132
5164
5148
5179
5258
5257
5320
5257
5273
5304
5304
5366
5366
5320
5336
5382
5366
5398
5413
5382
5366
5382
5382
5398
5366
5398
5429
5413
5445
5460
5506
5460
5460
5492
5570
5475
5522
5585
5631
5584
5616
5679
5616
5616
5601
5631
5631
5678
5678
5647
5663
5663
5772
5647
5709
5725
5647
5663
5678
5726
5663
5756
5787
5819
5787
5772
5850
5834
5803
5788
5850
5866
5866
5850
5850
5865
5881
5835
5881
90168
5897
5850
5881
5913
5897
5866
5881
6427
5803
5881
5990
5896
5803
5928
5897
5944
5897
5897
5865
5881
5850
5928
5974
6069
5881
5897
6006
6052
5974
5943
5959
5959
6006
5944
6053
6022
6006
6022
6021
6053
6037
5990
6022
6006
6038
6006
6224
6115
6052
6130
6037
6100
6053
6116
6084
6225
6021
6723
6068
6162
6162
6084
6068
6146
30155
6162
6318
6131
6193
6131
6272
6147
6209
6162
6224
6287
6208
6208
6209
6240
6256
6302
6443
6224
6303
6272
6287
6255
6318
6365
6333
6381
6349
6365
6396
6334
6396
6396
6427
6412
6427
6474
6458
6443
41122
6442
6427
6489
6443
6474
6521
6583
6489
6536
6552
6552
6537
6614
6583
6599
6615
6646
6661
6646
6723
6661
6661
6661
6677
6693
6770
6739
6740
6755
6739
6771
6740
6818
6818
6833
6864
6771
6864
6848
6833
6833
6833
6911
6864
6864
6817
6864
6927
6911
6880
6911
6880
6880
6880
30124
6848
7020
6942
6926
6911
6895
6989
7036
7051
6973
6958
6942
7113
7051
7098
6942
6974
7067
7067
7113
7004
7114
7129
7114
7066
7067
7145
7020
7223
7098
7066
7098
7348
7894
7083
7145
7098
7129
7098
7207
7145
7098
7176
7192
7036
7129
7192
7176
7332
7223
7348
7145
7285
7285
7160
7238
7504
7223
7285
7254
7254
7364
7254
7223
7285
7254
7254
7332
7192
7239
7207
7238
7269
7160
7207
7394
7269
7223
7379
7254
7223
7223
7269
7160
7254
7285
7285
7160
7254
7550
7254
7254
7332
7317
7285
7317
7285
7316
7285
7270
7285
7270
7457
7286
7301
7238
7519
7363
7239
7363
7269
7285
7394
7379
7379
7332
7332
7364
7316
7316
7379
7395
7441
7519
7378
7347
7394
7394
7363
7363
7426
7395
7332
7410
7551
7425
7503
7441
7395
7457
7410
7425
7425
30108
7363
7378
7425
7457
7472
7426
7472
7379
7426
7425
7425
7379
7472
7441
7457
7457
7457
7503
7503
7456
7456
7457
7504
7488
7379
7488
7473
7473
7520
7519
8393
7410
7629
7534
7535
7597
7566
7488
7535
7582
7488
7535
7456
7519
7597
7613
7520
7566
7488
7488
7628
7629
7488
7659
7628
7534
7644
7566
7691
7613
7691
7676
7551
7676
7769
7659
7581
7644
7644
7612
7581
7566
7582
7675
7613
7660
7676
7676
7644
7676
7629
7707
7675
7659
7675
7613
7690
7660
7660
7706
7737
7863
7769
7722
7691
7722
7722
7738
7722
7738
7769
7754
7785
7769
7754
7784
7847
7753
7784
7894
8705
7784
7753
7878
7940
7878
8034
7894
7753
8003
7878
8097
7769
7863
7847
7878
7862
7924
7940
7924
7924
7878
7956
7878
7940
7894
7878
7956
7971
7800
7863
7941
7878
8034
7894
7941
7894
7925
7893
7925
7972
8237
7925
8096
8065
7987
8112
7846
8034
7909
7831
8097
8097
7941
7832
7956
7909
8081
8018
7925
7925
7925
7972
7956
8018
8034
7987
8018
8237
8019
7956
8018
8003
7862
7972
7972
8019
8034
7941
7987
8034
8018
7988
7988
8003
8143
8190
8081
7878
7893
8158
8065
8065
8049
8050
8174
8050
7988
9142
7971
8174
8065
8097
8097
8065
8065
8236
8034
8002
8096
7987
9079
8206
8066
8003
8112
8143
8081
8065
8096
8080
8112
8080
8143
8127
8158
8096
8112
7987
8065
8174
8065
8112
8237
8112
8097
8003
8112
8081
8284
8190
8112
8268
8049
8065
8034
8175
8112
8112
8049
8127
8065
8112
8128
8112
8096
8128
8159
8190
8159
8127
8237
8268
8330
8143
8081
8268
8237
8222
8190
8284
8221
8221
8237
8455
8143
8221
8268
8158
8315
9360
8252
8253
8299
8315
8283
8408
8268
8300
8268
8361
8331
8361
8299
8330
8268
8377
8392
8362
8378
8315
8300
8378
9485
8393
9453
8564
8361
8642
8408
8580
8440
8471
8424
8471
8471
8331
8486
8518
8486
8440
8611
8455
8518
8518
8487
8565
8361
8346
8487
8471
8533
8502
8455
8502
8455
8502
8440
8487
8487
8424
8424
8517
8455
8752
8393
8564
8408
8534
8471
8658
8502
8471
8518
8502
8502
8455
8470
8564
8518
8643
8549
8580
8487
8596
8565
8580
8658
8642
8751
8720
8564
8705
8627
9002
8611
8611
8533
8611
8596
8626
8611
8720
8658
8674
8580
8658
8549
8643
8674
8643
8736
8798
8658
8689
8642
8689
8704
8720
8689
8705
8689
30124
8705
8658
8845
8767
8643
8736
8658
8674
8752
8658
8751
8658
8767
8736
8721
8752
8721
8704
8767
8767
8658
8720
8783
8736
8767
8767
8830
8752
8814
8783
8798
8799
8892
8938
8892
8767
8798
8830
8799
8799
8830
8783
8814
8861
8814
8767
8986
8877
8861
8923
8907
8782
8782
8814
9001
8814
9922
8814
8829
8814
8907
8908
10062
8860
8892
8876
9298
10062
8939
8892
8924
8939
9891
8939
8954
8939
8939
9033
9002
9220
8986
8955
9032
9126
9032
9126
9001
11122
9079
9110
9110
9064
9111
9142
9438
9111
9126
9141
9141
9173
9142
9094
9157
9157
9110
9064
9126
9032
9126
9157
9173
9126
9173
9126
9033
9158
9079
9157
9079
9126
9111
9079
9173
9235
9141
9110
9126
9126
9142
9189
9142
9360
9189
9235
9048
9235
9173
9032
9204
9033
9142
9235
9157
9188
9188
9282
9001
9298
9110
9173
9158
9126
9188
9407
9282
9188
9313
30452
9079
9204
9360
9266
9048
9267
9267
9251
9157
9469
9079
9095
9282
9095
9282
8970
10249
9079
9360
9141
9297
9251
9407
9329
9360
9376
9032
9095
9110
9048
9376
9469
9329
9235
9562
9531
9188
9204
9220
9189
9360
9267
9173
8923
9173
9001
9344
9126
9188
9235
9111
9236
9610
9126
9110
9095
9189
9142
9048
8939
9610
9500
9313
9095
8939
8970
9080
9110
9360
9064
9063
9313
9079
9063
9048
9126
9126
9126
9079
9063
9250
9142
9079
9079
9110
9110
9173
9220
9220
9251
9204
9172
9172
9189
9189
9204
9375
9141
9313
9236
9204
9423
13431
9251
9765
9126
9360
9267
9172
9532
9251
9204
9360
9204
9250
9407
9282
9111
9251
9485
9204
9313
9329
9298
9344
10827
9423
9344
9313
9532
9188
9251
9532
9375
9375
9235
9407
9860
9110
9360
9360
9547
9157
9282
9454
9126
9110
9391
9282
9126
9266
9079
9110
9157
9328
9204
9890
9297
9126
9094
9110
9188
9750
9002
8955
9126
9141
9142
9064
9142
9142
11170
9110
9453
9204
9141
9204
9173
9189
9204
9173
9251
9157
9188
9126
10109
9220
9188
9111
11248
9251
9235
9172
9422
9282
9360
12293
9158
9267
9095
9157
9095
9032
9157
8908
9173
9297
8908
9547
9266
9048
9235
9048
9110
8923
9048
9080
9033
9110
9267
9141
9531
9406
8954
9126
8892
11342
9017
11435
9016
9032
8892
9080
11279
8970
9204
9001
9360
9048
9220
9048
9298
9111
9063
9095
9063
9033
9080
9438
9080
9063
9017
8923
9079
9282
9126
9110
9001
9360
9126
9048
9032
9126
9188
9157
9126
9002
9329
9157
9063
9141
9126
9079
9719
9079
9189
9267
9267
8986
9173
9266
9142
9064
9126
9033
9781
8970
9126
9001
9188
9220
9220
9235
9189
9235
9391
8985
9173
9017
9142
9079
9422
9282
9313
9266
8970
9282
9001
9079
9220
9282
14243
9064
8845
9002
9142
9048
9001
9032
9158
8970
9173
9189
9157
9563
9781
9079
8798
9236
9126
9048
9048
9079
9001
9141
8938
9064
9001
8970
9048
9110
9110
8954
9001
9017
9033
9048
9189
9064
9063
9110
11232
9063
9032
8986
8877
8892
9001
8954
9188
9064
9001
8814
9313
9017
9126
8877
9095
9048
8908
9282
9064
9095
8954
9032
8939
10967
9032
9001
8923
9142
9438
13338
9064
9016
9110
8923
9360
9173
9032
8798
8861
9017
9064
8970
8986
9282
9048
8861
8923
9001
8986
8924
8986
8939
8751
8814
9017
9048
9048
8954
8861
9079
8720
8845
9032
8970
8986
8923
8986
9080
9048
8892
8767
8845
8876
8985
9048
9095
9033
8768
8814
9032
8923
9173
8829
9110
8830
8783
8908
8799
8892
9126
8907
8938
9032
8845
9469
9017
9002
8924
8939
8986
8767
8970
8908
8955
8985
9032
8877
8986
9064
8954
8876
8923
8860
9016
8907
8923
8861
8939
9204
8955
9251
9095
9001
8939
9017
8985
9063
8923
9407
8798
8861
9048
9033
8955
8830
9126
9080
8985
8876
8954
9048
9001
9001
9313
9501
8970
8970
8923
9142
9126
9282
9079
9126
9016
9017
9064
9033
9080
8986
9032
9173
9080
9110
9142
9204
9204
9219
9219
9204
9064
8923
9282
9313
8829
9032
9204
9266
8924
9267
8861
9219
9032
8861
8877
9032
9391
9157
8923
9157
8877
8814
9142
9235
9157
9157
9391
9172
8954
9219
9001
8970
9173
9407
9126
8939
9189
9329
9032
9282
9360
8845
9079
9235
8923
9032
8985
9110
8860
8923
9219
8954
8876
8845
9188
8923
8939
9017
8892
9547
9033
9063
8876
8986
9141
8954
9095
8939
9110
8892
9095
9048
9079
9079
8939
8876
9048
9064
9017
9063
8829
9407
9001
9282
9064
8908
8939
8939
9001
9188
8845
8939
8876
8986
8892
8846
9407
9235
9111
9111
9095
8986
9127
9111
9158
9251
9033
8908
9080
9095
9079
9095
9080
8954
9142
9080
8767
9188
8955
8845
9157
8752
9157
8876
9532
8986
8924
8736
9173
9126
8986
8892
9001
9267
8955
8924
8986
8892
8877
8830
8955
8892
9141
8971
9002
8829
8877
9064
8923
8830
9080
8939
9173
8939
8985
8908
8830
8783
8830
8986
8736
8923
9126
9033
8799
8815
8939
8815
9095
8861
8752
9236
8751
8674
8986
11326
8924
8783
8923
9001
8970
8814
8799
8923
8861
8861
9173
9188
9157
10499
11060
11264
7051
6334
6287
7816
68999
31669
68936
33962
91058
91058
91073
91089
91073
91089
91089
91105
91121
91105
91121
91136
91104
91104
91151
91121
91121
91042
91042
91089
91089
91104
91104
91105
91121
91120
91120
91105
91135
91136
91136
91151
91136
91136
91135
91120
91104
91120
91105
91120
91104
91104
91105
91105
91089
91074
91089
91073
90948
90964
39047
15
32
62
187
172
78
109
39140
16
39094
359
124
109
187
63
47
109
78
46
47
109
63
140
172
125
188
39297
39218
39187
265
171
39140
124
0
94
94
39109
63
171
39063
172
31
78
39125
39141
31
39172
39109
46
38969
62
188
39219
39203
78
39312
78
39297
124
265
203
265
172
203
218
39327
94
39125
359
203
218
452
218
172
39391
39375
78
421
421
39031
156
171
171
140
578
234
468
39327
266
187
202
39031
39047
452
39000
219
312
39078
109
234
39234
39031
39219
94
94
39079
78
328
39079
39047
39094
78
406
375
312
39203
39296
358
312
156
172
78
296
328
344
110
39297
38969
171
38891
234
94
297
140
39047
125
359
406
124
140
39109
78
234
234
125
39484
203
125
592
39483
515
546
266
38906
343
39219
343
343
39125
218
374
327
312
328
359
38985
453
39609
219
359
39031
156
297
421
359
39203
312
93
390
453
38984
202
39234
296
296
203
250
63
328
39079
359
203
561
218
327
62
203
94
328
38985
327
421
218
234
561
39156
39125
624
250
359
250
39141
203
156
203
359
468
218
312
312
577
109
296
187
484
250
39001
453
312
437
219
141
265
671
297
266
234
374
312
281
265
266
234
312
312
39094
312
265
359
219
265
280
265
390
359
359
375
343
327
374
328
38985
421
390
452
406
39000
484
38969
1373
343
437
483
327
405
484
515
452
39063
39093
452
452
39234
38938
437
39235
468
39063
437
39188
561
483
38876
531
453
358
39110
39141
374
640
39422
514
38906
531
39344
468
577
687
718
608
344
593
546
624
39031
577
624
577
546
608
499
562
39140
343
624
39203
593
593
39063
39203
312
577
39093
671
343
39265
624
297
609
546
593
624
609
608
39125
562
39156
468
484
484
468
297
468
453
749
624
546
686
624
515
499
624
593
671
718
39156
780
405
38969
686
514
405
499
39141
39157
483
483
296
546
390
421
687
827
358
359
39063
250
39078
531
514
546
2356
374
499
328
515
375
374
39156
515
827
358
421
499
39500
484
484
359
592
39047
608
608
39109
468
577
39079
483
608
530
39063
405
951
889
39016
531
39547
38891
437
624
468
452
624
561
702
531
562
577
531
687
38922
593
546
609
593
39250
39016
764
733
639
608
531
640
1138
686
639
1138
530
640
702
39063
577
686
640
702
718
780
608
671
639
780
39047
702
3027
2418
39078
718
624
38907
38767
749
999
38985
577
874
578
38891
39234
764
655
920
796
38954
796
796
702
795
38860
38844
702
905
39016
671
717
858
38922
827
733
748
842
38922
38985
842
39000
39016
640
827
41122
39016
686
39421
765
702
39359
718
624
842
780
952
39079
718
827
687
796
936
858
873
842
546
811
796
39125
38985
905
2294
577
905
2325
39172
640
873
39047
826
951
639
764
827
796
38798
1326
656
780
39001
39079
702
39156
733
764
827
749
733
920
858
952
749
764
671
749
718
733
795
561
1061
811
749
873
764
1170
749
812
858
39000
795
609
827
718
843
1030
874
624
858
38876
733
39000
795
842
998
39000
764
733
39094
718
39032
717
38891
733
889
889
38985
39157
983
889
702
655
717
749
780
748
998
717
796
936
1045
811
983
686
39110
967
811
733
1014
764
827
952
61730
780
889
873
1060
61745
61621
967
795
38984
1123
61683
61808
811
39047
39062
61808
38985
1014
61636
61792
905
61792
61746
38938
61730
1077
1077
749
38922
873
61777
61730
39156
39234
39109
889
39187
61886
936
1046
765
39218
842
936
1014
61933
1030
873
61807
61729
39109
39156
796
39203
61792
39203
905
61870
39047
62011
812
827
873
61651
889
61839
936
38907
1045
951
61682
61823
998
1123
39234
61667
952
1061
61886
38860
39172
890
905
38891
61964
61948
61667
39172
38813
1014
61823
61854
1030
1076
61995
61667
61823
61855
983
61667
39078
61792
61917
1045
39016
39188
61652
61636
1029
39125
39062
982
1014
61839
39063
38907
38876
61746
61652
61808
38969
1014
983
1045
38984
39047
38938
1061
61698
1076
1154
61729
61870
61698
61870
967
1061
62135
61870
61620
61839
998
61558
1030
39016
61870
1030
1107
39140
39047
61901
61652
61511
38969
1061
61714
61870
1138
61760
61838
61480
61714
61464
61854
39047
61714
39094
61683
61730
39000
1435
1014
61886
61465
61746
38938
1077
1248
61730
38985
1108
1061
1077
61870
62088
39156
61714
1170
1123
61683
62120
61683
38798
39047
61526
61667
38984
62057
39078
1076
61511
61449
61636
1248
1232
1248
61792
61792
61761
61761
39063
1045
1185
61542
61480
39094
61558
61964
38969
1077
61558
61668
38876
39032
38860
39032
39047
1217
39032
1342
38969
1233
61760
39031
61558
61839
62026
62042
61480
38767
39001
39063
1155
61668
61667
38969
61651
39062
1248
1248
39000
61605
39094
1279
39032
61495
1201
39047
1201
39015
1326
62073
1217
38922
39047
38985
61667
1217
62010
1264
1264
39094
38969
61605
1451
38938
39016
1263
1201
61464
1232
61761
61667
38938
62307
1233
1279
61511
1201
61698
61682
38922
1263
61729
1185
1279
61792
61511
39078
1341
39078
61527
39156
1341
61792
38922
61714
38984
61511
1529
61573
61776
1560
61495
61636
39109
39078
61683
38985
61745
1404
39047
1326
61729
61729
1341
1263
61698
61542
61667
39016
61792
39250
61605
61746
61605
39079
61792
61636
61261
39016
61667
1326
61636
1373
61932
61199
61854
61730
61230
39172
61683
61917
1404
61121
1622
1341
1482
61074
61636
61730
61386
39063
61651
61651
61495
61651
61636
61121
39063
61667
61776
39297
1451
61683
61761
1436
39032
61465
61621
1435
61355
1451
38969
1404
61761
61605
38781
61401
61495
61386
61636
61495
1560
61511
61776
61495
1404
1544
61979
61480
1514
61480
61527
61433
61636
1451
61448
61448
39078
1451
1435
60747
61839
1482
1404
61605
38938
1529
39016
61433
39344
39171
39171
61355
61792
1622
1607
39156
61917
61480
61620
61636
38860
61293
61636
61371
61901
61371
61371
61558
61309
61465
61589
39203
39187
1466
38813
39094
61464
41231
61480
61777
39234
39047
38891
1638
61465
61215
61199
2886
38829
38813
1451
38797
60450
38751
1545
1685
39266
38860
38750
61901
61417
61885
39078
1576
61511
60840
1529
38938
60341
39094
1545
61667
1606
1669
1638
1528
61604
38937
1544
1529
1560
38969
38797
1638
38922
1638
38985
38954
39281
61652
2871
1669
39015
39047
38953
1591
1622
38954
1654
61933
38720
1653
38782
62868
38719
38798
1685
38829
1701
39109
1638
1778
38844
38875
38953
1716
38860
39016
1857
1747
38938
38954
38750
1762
1638
1622
1794
38860
1716
1654
38829
1669
38828
38860
1732
1810
1888
96455
1825
2043
1794
38906
38797
38688
39578
38860
38969
1934
1778
1778
38875
1825
38844
1825
1779
1856
1809
1794
1919
1966
38938
38923
38657
39343
39016
1825
60232
1857
39078
38954
38704
38720
38844
38969
38828
38969
39140
1903
1825
1856
1856
1841
1888
1888
38938
1857
1872
1841
39062
39000
1965
38688
38891
38813
38891
38845
38673
38953
1934
39109
38907
1950
1950
38969
2028
1934
2075
38766
38938
38922
38970
38970
38829
38814
38829
1950
1950
38813
38766
38985
1934
38969
1982
38923
38891
1966
1965
39031
38875
39016
38907
38907
2029
1982
1997
38922
38735
1997
38876
38876
2012
2075
2012
38828
38876
2106
38907
39266
38642
2029
38782
39235
2137
38719
38642
2169
38641
38641
39001
38657
39125
39157
38891
38844
39406
38657
38595
60279
38642
38720
38814
38938
38580
39032
38579
38751
38657
38673
63711
38720
2216
38797
38875
38875
38688
38782
38595
39016
3277
38720
39032
38814
38704
2324
2262
38860
38579
38704
38642
38735
38735
38657
2309
38751
39063
38813
38704
38642
38845
38720
39016
39328
38798
38704
2340
38626
38797
38813
38720
38829
38906
38719
39016
38626
38735
38813
38688
38688
38673
38688
38782
39188
38719
2418
2402
38875
38767
38704
38735
39234
2434
38704
38673
38798
38720
2450
38548
38829
38907
38844
38875
38985
38907
2402
38719
38704
38798
38611
38891
2480
38548
38735
2527
2496
2527
2558
38704
38720
38688
39079
38751
2527
2527
38657
38673
2543
38689
38689
39016
2543
2543
2605
38516
38751
38891
2668
38844
38642
2543
2559
38595
2575
2528
38797
2543
38766
39141
38563
2605
2528
2590
38720
38657
2528
38750
2621
38719
2558
38610
38719
39062
38579
2559
2668
2621
39094
2606
2575
38767
41310
38767
38548
2574
2714
38938
38719
38751
41278
38563
2652
2637
38735
2590
38720
40186
39094
39063
38657
2637
38626
38813
2637
38564
39016
63602
2699
38424
38439
38860
38751
2636
38595
2730
38673
2637
38720
39297
38906
2699
38657
38688
2745
60200
38782
2683
38750
38860
38798
38673
2777
38626
63836
2777
38782
2762
38891
38751
38611
38626
38766
38704
2715
38579
2746
38813
38673
38985
38564
38485
38517
38455
2746
38455
38922
41059
38407
38376
38719
2808
38704
2824
2809
2824
2855
2839
2886
2870
38657
2824
38611
38455
38579
2855
39031
2855
2949
2887
2855
38486
38985
2949
38704
38580
2855
38719
38548
38735
2918
38454
38938
2917
38938
2902
39063
38610
38610
2949
2918
2965
2933
2996
4961
38563
2964
38641
38533
2995
2979
2995
3057
38532
2980
3011
2980
3011
2965
2996
3043
3011
38517
3042
3011
2996
38501
38548
38516
3026
38595
3027
3167
3042
3105
38533
3121
38579
38626
3074
38563
38548
3151
3136
3167
3167
38626
38548
38548
41387
3198
38595
3152
3245
3167
38657
3229
38672
38392
3245
3245
3277
38798
38283
38626
3261
39406
3198
3229
38548
38813
38470
38594
38501
38392
3276
3213
3245
38548
3245
3292
38626
38361
38563
3354
38673
3245
3292
38455
3245
3338
38595
3229
38860
3276
3214
38657
38376
3339
3277
38673
38346
3276
3338
38579
38610
3432
38423
3292
3323
3323
38189
38720
38782
3291
3338
38720
38345
38454
3354
3323
38580
38392
38486
38314
38283
38548
38517
3370
3401
38174
3463
38345
3494
3370
38938
38501
38564
38876
3370
38017
38985
3416
3416
3416
3416
3354
38377
3386
39703
3385
3385
3448
38720
3464
3604
38564
38517
3463
38298
38033
38173
3479
3448
3526
3495
3464
3495
3463
38220
3479
3463
3619
3479
38345
38236
3448
3479
38064
38376
38360
38127
38283
3573
3541
37971
38345
39094
38205
3542
3651
3588
37909
3588
37831
5085
37737
37971
38642
3542
3651
38486
37971
37939
3635
38173
38158
3651
3682
3682
3620
38174
3791
3588
3713
3635
3728
3604
3619
37784
38034
38080
38049
3728
38688
3635
5273
38252
38267
3650
38142
3682
38111
38127
3682
41044
38065
37893
37908
37830
3791
37831
3791
38501
37908
3728
3713
37908
3776
38049
37799
3791
37846
38111
38174
3822
37736
3838
37659
37643
3807
37581
3806
3885
3854
3807
37924
37986
38018
3853
37534
38049
37846
37939
3916
37971
37706
37940
37987
3979
38065
4135
38018
38002
37675
37721
3962
37721
37909
3885
3978
38111
3978
37534
37970
38033
37971
37862
4041
37986
37721
39094
4057
37659
37815
37924
37799
38002
38299
3963
37784
37783
4056
37783
41231
37706
37519
37737
37705
37409
37861
37737
37862
37144
37877
4119
37534
37628
4072
4103
4056
38330
4119
4057
37893
4087
37705
4087
4072
37051
37815
4088
37550
37737
37487
4119
37394
37378
4165
38173
4025
37908
37674
4135
4103
38158
37222
4119
37799
37097
37003
4259
37051
4150
38267
36817
37346
37237
4165
36707
4134
4197
36661
37924
37222
37877
36863
37206
36613
4212
37331
36551
36551
4165
37627
4150
37893
4306
4150
36536
36941
37425
37627
37799
37705
36910
37315
36738
37346
37752
36536
66269
37082
37362
37363
4259
37176
36879
36692
4259
36738
37440
37862
37690
4244
37784
4212
4259
37237
38189
40841
37238
37082
37846
37175
36551
37144
38033
37050
37098
36661
36614
37081
36832
36661
37097
36488
4368
37066
37144
36926
36723
4306
36348
4337
36535
5054
36738
4353
4368
36801
36801
36411
36349
36629
4368
4400
4383
36754
4352
4477
37019
36348
37331
37082
4353
36349
4384
36536
38018
37097
36489
36223
37113
4384
4446
4368
36847
36395
36629
37066
36271
36411
36333
36427
36458
37191
36832
36847
36520
36691
36582
36379
4446
36411
36801
36770
36317
36801
37706
36380
36567
4509
36692
37690
36396
36504
36598
36816
37097
36255
36551
36411
4524
36769
36348
36504
36863
36333
37331
36457
36707
36629
36426
36473
36582
36489
36489
36473
37487
36255
36489
4509
36442
36458
36318
4493
36442
4524
36489
36535
36457
4524
4524
4555
4555
36410
36301
4539
36364
36333
36894
4555
37019
36396
4603
36364
36426
36395
4555
36442
37113
36177
36551
36395
4664
37050
36348
36426
36083
4587
4727
36302
35912
36427
36816
36473
36442
36473
35881
35881
36676
36566
36489
35927
36411
4711
36411
37020
36208
36505
4696
35834
4696
36691
4711
4836
4664
36114
36348
4727
36317
35943
36614
6474
35990
35818
36956
35833
4727
4695
36114
36535
36395
36567
36504
36551
35912
36505
36583
36582
36457
4805
36504
36380
36395
4727
4758
35942
36551
36395
4805
35880
36270
36146
35896
35927
36037
35850
36130
35677
35880
35989
36115
35631
36099
35615
35896
35958
35755
35927
35896
35942
36098
35755
36068
36099
36115
36692
36193
35834
35459
4898
4836
36629
36177
36037
36505
36130
98218
35396
36005
5008
36192
35787
35756
35865
4837
35288
36083
35162
35771
35974
36083
35818
35927
4945
4852
35834
35943
35896
36068
35615
35693
35615
4977
35646
35600
36348
4961
35896
4977
35959
36598
35569
35881
35740
36006
4993
4898
35552
4976
35740
35740
35537
35662
35896
35943
35818
4976
34944
35896
35725
36224
36161
35069
35662
35100
34835
36333
5102
35007
34913
5039
35475
36473
35693
34772
34819
98328
35490
35366
35912
34820
35100
36333
36223
35661
35583
35599
35396
34632
34929
35381
35490
35990
36146
35163
36333
34835
35849
35365
35350
35677
5164
35209
35194
35397
35927
35350
5195
35350
34928
5007
35818
35256
5086
5039
35397
36333
5055
35257
34945
35194
35397
98405
34289
35162
5054
36910
34991
35022
35319
36208
34882
35132
35193
5195
35287
35131
35350
35022
5226
5164
34586
34913
34648
35303
35335
34928
34913
34211
34976
35802
34820
34773
5258
34960
98437
36036
34694
34679
5241
34679
31653
5226
35007
40014
35132
5195
34898
35069
34632
34897
34320
98452
5102
34726
35100
5211
34819
5117
34789
34820
31450
34694
5133
36941
5273
34835
98452
5304
98437
5336
35256
5335
34757
5273
35209
5414
5367
36786
5398
5366
5242
98452
5476
40139
5351
34648
5210
5273
6147
5366
5288
5429
5320
5336
5429
5304
98452
5413
5366
5429
5460
5257
5367
5304
98452
35880
5413
34804
5383
5429
5429
5460
5429
98530
5507
5491
5538
5554
5539
98577
39655
5554
6411
5569
98499
5585
36519
5663
5663
98545
5694
5679
5663
5741
5787
5803
5788
36271
5725
5725
5679
5725
5787
5772
5662
5663
5741
5882
5835
98670
5787
5834
98655
5741
5881
5772
5757
5865
98655
5959
5912
6802
5804
5772
5897
5928
5834
5959
5725
5912
5881
5975
98640
5710
5741
5881
5896
5850
5756
5912
5803
5865
5912
98686
5944
5897
5803
5913
98686
39608
5912
5881
5928
5897
5866
5850
5975
5850
5990
5928
37987
5959
5865
5959
38454
5912
5944
38018
37144
5943
5975
5959
6022
5959
6006
5912
38298
5928
30608
5991
6365
6131
5990
6006
38298
6037
37378
6053
6412
98826
6302
6146
98811
6162
98796
6208
6193
37050
6194
6209
6162
6255
6427
6271
6256
6240
6225
6209
6193
6302
6303
6365
98874
6442
6302
6334
6380
6287
6334
6428
6365
6381
6349
6303
6287
6412
6318
6303
6333
6318
6349
98983
6349
6349
6380
6458
98998
6396
6646
6396
6427
6459
98967
6599
6427
6459
6443
8346
6474
41543
6552
6506
98952
6568
6427
6552
6568
6568
98920
33977
6458
98935
6505
6583
6568
6693
6536
6645
6646
6693
98951
6645
6614
6615
6677
6771
6677
98967
6662
6662
6677
6677
6724
6723
30326
98967
6708
6739
6864
6770
99014
6849
6817
6926
6864
7020
7722
6958
6957
40700
6988
6958
6989
7020
7020
7051
7083
7082
7051
7067
7036
7082
7082
7036
7130
7145
7129
7129
8907
7176
7145
7223
7161
7191
7301
7270
7238
7239
7301
7317
7332
7363
40295
7410
7378
7379
7348
7441
7364
7520
7488
7457
7457
7378
7504
7519
7457
7582
7504
7488
7473
7581
7613
7441
7707
7566
7613
7535
7504
7534
7566
7535
7535
7644
7551
39717
7519
7629
7691
7691
7644
8502
7737
8392
7769
7784
7784
7753
7800
7846
7784
7862
7785
7769
7863
7815
7878
7910
7816
7893
7941
7987
8112
7878
7910
7893
7940
7971
7925
49109
8081
8018
7971
8003
8049
8112
8097
46847
7893
8003
7863
8252
8158
7847
43634
8097
7941
7863
7971
8143
7862
8003
7878
7878
8284
7878
7987
7988
8440
8018
8080
7925
8081
8066
8346
7987
8299
8003
8081
8065
8065
8158
8096
8034
8096
8159
8175
8049
8081
8003
8222
8050
8439
8065
9157
8158
8158
8206
8081
8159
8175
8424
8128
8190
8346
8112
8128
9173
8050
8128
8128
8205
8205
8330
8206
8284
8081
8080
8174
8096
8175
8237
8190
8471
8143
8315
8268
8268
8159
8190
8237
8252
8206
8237
8268
8128
8112
8159
8268
8517
8159
8268
8330
8361
8128
8128
8346
8190
8424
8377
8252
8221
8393
8237
8143
8346
8174
8221
8408
8268
8331
8144
8299
8206
8580
8237
8283
8143
8299
8284
8206
8300
8221
8408
8205
8159
8346
8330
8331
8361
8158
8362
8206
8284
8237
98343
8143
8315
8377
8439
8096
8314
8221
8580
8236
8549
8377
8408
8331
8065
8252
8907
8393
8190
8377
8252
8346
8377
8143
8377
8190
8112
8284
8253
8081
8096
8205
8346
8330
8736
8517
8580
8393
8409
8502
8206
8331
8362
8174
8315
8253
8175
8346
8205
8190
8346
8393
8315
8299
8455
8127
8206
8206
8252
8268
8221
8299
8284
8253
8175
8315
8315
8315
8315
8158
8174
8439
8377
8331
8377
8252
8299
8190
8206
8424
8377
8408
8362
8549
8299
8439
8424
8330
8299
8331
8362
8299
8392
8408
8283
8299
8377
8299
8440
8456
8439
8377
8377
8330
8393
8362
10093
8548
8361
8408
8361
8346
8440
8378
8673
8627
8393
8424
8392
8455
8455
8658
8393
8393
8455
8533
8877
8471
8564
8533
8471
8548
8580
8502
8471
8580
8487
8518
8518
8565
8549
8595
8548
8517
8502
8580
8627
8549
8502
8580
8736
8627
8564
8596
8517
8627
8596
8502
8596
8643
8658
8595
8642
8674
8736
8626
8673
8658
8673
8549
8689
8580
8518
8643
8721
8612
8627
8736
8611
8721
8705
8642
8704
8642
8689
8752
8798
8721
8736
8580
8580
8705
8752
8892
8704
8673
8798
8720
8611
8674
8689
8736
8736
8627
8861
8689
8689
8829
8814
9002
8768
96815
8642
8798
8673
8674
8689
8736
8689
8674
8751
8736
8704
8954
8767
8736
8721
8721
8783
8721
8799
8907
8705
8720
8798
8814
8736
8799
8721
8814
8767
8736
8830
8846
8876
8829
8799
8814
8799
8736
8798
8736
8814
8861
8861
8799
8814
8814
8751
8829
8845
8783
8830
8892
8860
10545
8923
8876
9017
8876
8923
8876
8939
8830
8923
8814
8845
8829
8861
8845
8986
9095
8861
8892
8892
8876
8876
9080
9142
8939
8985
8861
8986
8860
8970
9017
9095
8924
9048
8985
9048
8985
10358
8970
8970
9033
8986
9064
9064
8892
8986
8939
9001
8986
8939
9001
8955
8970
9188
9016
9017
9064
9001
9064
9001
9220
9110
9142
8939
9095
9017
9267
9314
9173
9001
9126
9032
9110
8954
9282
8970
9032
9048
9142
8970
9126
9126
9079
9095
9157
9266
9094
9079
9173
9095
8970
9079
9064
9110
9142
9111
9111
9126
9142
9188
9126
9095
9033
9126
9142
9142
9095
9095
9251
8970
9079
9173
9142
9158
9126
9142
9063
9173
9110
9048
9126
9235
9189
9095
9142
9189
9111
9094
8985
9344
9001
8986
9142
9345
8970
10265
9438
9188
8970
9141
9204
9438
9189
9298
9048
9141
9360
9048
9095
9157
9189
9204
9079
9204
9235
9220
9048
9032
9220
9204
9080
9204
9204
9141
9251
9173
9142
9282
9142
9220
9220
9298
9188
9219
9313
9610
9079
9392
9266
9110
9141
9235
9157
9345
9422
9173
9578
9188
9313
9251
9485
9235
9266
9204
9204
9298
9220
9251
9313
9141
9266
9235
9313
9282
9204
9313
9204
9329
9236
9298
9282
9266
9282
9173
9282
9282
9235
9313
9172
9469
9157
9360
9547
9625
9329
9360
9267
9251
9345
9266
9297
9267
9376
9235
9297
9328
9485
9298
9485
9360
9345
9345
9454
9501
9345
9313
9454
9407
9376
9391
9376
9345
9376
9267
9360
9375
9297
9422
9282
9297
9360
9376
9329
9438
9375
9375
9406
9313
9391
9469
9329
9392
9313
9313
9391
9329
9438
9423
9407
9360
9469
9407
9454
9454
9329
9438
9391
9438
9438
9407
9406
9375
9391
9454
9547
9672
9516
9454
9360
9766
9454
9406
9484
9438
9469
9500
9500
9500
9547
9469
9641
9531
9609
9547
10686
9407
9500
9657
9469
9609
9422
9781
9547
9610
9656
9547
9500
9750
9626
9626
9392
9344
9641
9641
9500
9625
9516
9532
9423
9625
9625
9438
9641
9313
9626
9750
9438
9438
9594
9484
9469
9375
9641
9485
9500
9609
9734
9438
9625
9906
9750
9501
9298
9579
9516
9141
9501
9875
9625
9844
9142
9297
9313
9750
9532
9469
9688
9625
9282
9500
9235
9344
9563
9407
9563
9189
9250
9610
9079
9469
9656
9392
9610
9766
9267
9048
9204
9189
9345
9594
9001
9251
9500
9048
9485
9002
9329
9141
9843
11185
11092
9157
10155
9345
90012
9094
9157
9157
9282
9236
9126
9142
9095
8939
11622
9016
9204
9968
9266
9407
9235
9578
9126
10078
9095
9157
9126
9173
9267
9314
9297
9173
9219
9095
9391
9110
9173
9080
9142
9438
9204
9282
10078
9157
9017
9033
9173
9376
9220
9001
9111
9251
9173
9095
9376
9142
9080
9407
9204
9126
9173
9298
30046
9095
30045
9344
9422
9173
30046
9204
9219
11310
9204
9079
9064
9267
30046
9173
30124
30201
9157
30217
9048
30171
9313
9532
9282
9173
9282
9267
9282
11466
8907
9298
9189
9314
9219
9017
11325
9079
9204
9251
9314
9141
9329
9423
9438
9001
9017
9282
9422
9251
9017
9001
9392
9345
9142
30311
9126
30217
9516
11357
9142
30295
9048
30202
9126
9063
9173
9531
9266
9532
9079
9048
8939
30202
9079
9126
9094
9188
30108
9188
9142
9251
9095
9158
9657
11450
9188
8970
9126
9079
9220
9064
30045
8923
9188
9734
9063
9188
9126
30140
8924
9189
9734
30140
8939
9048
30545
9391
30170
9142
30155
9126
9298
8877
9142
30404
9219
30420
9063
9204
8892
9157
30249
9095
9158
30202
30171
9158
9110
30217
9064
9079
9406
30155
9531
9142
9188
9110
30061
30046
9344
9001
30826
9172
9032
8985
13026
9126
9266
9079
9048
9142
30264
30295
30187
9142
9141
30279
9266
30093
30779
9329
9329
9204
30202
9251
9063
9033
30248
30233
30186
30265
9189
9017
9531
9266
11669
9219
9345
30248
30171
9344
30217
9220
9266
30248
9298
9344
9344
9314
9002
9157
9266
9329
8955
9219
9016
8923
9267
30218
9080
9329
9048
9250
30265
9111
8939
30701
8939
9063
9219
8907
8908
9126
9110
9344
9095
9329
9033
9219
9110
9032
9141
9204
8877
8846
9236
9282
9298
9001
18112
8923
8860
9204
8939
9158
9563
8892
9579
9001
8939
8892
8829
30888
9251
8939
9298
9080
8845
9032
8970
9266
13369
9048
9001
9095
8955
8986
9048
9032
9095
9173
9126
9220
9157
9001
9095
9064
8939
9157
9064
8876
8892
8985
9172
9157
9110
9158
8986
8783
9032
8877
9188
9391
19984
9017
8970
8970
8908
9048
9033
9360
9079
9048
9001
8970
8798
9032
8908
8783
8907
8985
8782
9079
8877
8845
9188
11154
8768
8861
9033
8846
8689
8876
8877
8923
9079
8704
9095
9017
8814
9173
8876
8986
9110
8908
11217
32371
8892
8798
9048
8907
8767
8954
9251
8892
8986
9079
8720
8595
8860
9001
8908
9126
8612
8924
8892
8892
8876
8861
8907
8829
8923
8611
8908
9391
8673
8674
8877
8939
8736
8751
8876
8861
8814
9002
8892
8970
8861
9266
8767
8938
8798
8830
8830
8939
8970
8985
8845
9157
8923
8923
8877
9017
8876
9001
8908
8705
8924
8705
8954
8908
8798
8876
8845
55084
8689
8892
8955
9095
9501
8658
8908
8658
8829
8720
9079
8814
8814
8923
8751
8627
8845
8908
8768
8907
8705
8736
8829
8767
8923
8751
8845
9079
8689
8767
8861
8736
8611
8814
8768
9048
8736
8689
8767
8814
8892
8752
8861
8767
8860
8705
8736
8689
8861
8767
8721
8721
9188
9188
8674
8705
8861
9173
8767
9141
8767
8924
8752
8736
8892
8877
8877
8986
8752
8892
52682
8939
8877
8924
8877
8736
8799
8814
8814
9032
8830
8939
8970
8736
8689
8876
8845
8767
8892
8845
8876
8970
8767
9064
9236
8783
8908
8908
8736
8783
8580
8970
8923
8814
8923
8923
9001
8970
8736
8939
8923
8892
8876
8845
8986
8939
8985
8845
8799
8923
8829
8611
8642
8721
9048
8689
9001
8783
8736
8658
8798
8798
8814
9157
8861
8689
8674
8845
9204
8845
8814
8939
8892
8767
9032
8845
8861
8752
8830
8830
8830
8846
8705
9189
8924
8736
11107
8907
9235
8845
8876
9110
8986
9219
9063
8673
8892
8830
8658
8642
8939
8892
8892
9126
9094
9048
8892
8845
8892
8798
8923
8736
8751
8939
8814
8736
8877
8814
8908
8658
8767
9172
8736
8658
9032
8814
8674
8830
8736
8861
8767
9001
8876
9220
9189
8892
8829
10030
8908
9251
8814
8783
8783
8783
8986
8970
9235
8860
8782
8768
8908
8814
8845
9017
8908
8767
8860
9235
8783
9048
8830
8814
8876
9064
9532
13385
9079
8860
8736
8845
8908
8970
8845
8892
8830
9173
8954
8986
9079
8877
8970
8892
8845
8908
8986
8829
9063
8939
8939
9017
8845
8908
8986
8970
9142
8861
9220
8939
8720
8861
8877
8892
8860
8938
8876
8720
8783
8892
10920
8877
8721
8954
8939
8814
8720
8954
8767
8736
8970
8939
8923
9017
8736
8924
8908
8845
8798
9063
8720
8876
8799
9033
9157
9001
8985
8845
8845
8860
8814
9017
9422
8939
9063
8814
8861
8892
9063
9016
9017
11045
9095
9048
8939
9267
8955
8970
9001
9032
8892
8939
8955
19063
8954
9033
8970
9251
9313
8908
8939
9032
9017
9048
9048
8892
9048
8923
9407
9002
9033
9079
8782
9079
9017
9001
9345
9017
9111
8924
9017
9048
8860
9079
8970
8876
9422
8752
9064
9017
9033
8955
9111
9064
9095
9173
9157
8986
8924
9017
8830
8846
8876
9048
9204
9001
8970
8876
8767
8970
8954
8970
9391
9266
8736
9095
8892
9017
8829
8814
9328
9064
8970
8923
9017
9064
8955
8768
8970
9048
9219
9079
8907
8907
8970
8861
8782
9001
9032
8939
9048
9064
9095
9266
9063
9017
9173
9220
9095
9001
9032
8860
9001
9095
9142
8924
9594
9064
8783
9064
8985
9079
8877
8892
9063
9016
8923
8876
9095
8845
8876
8830
9095
8970
8768
8923
8985
8845
8939
9063
8939
8892
9251
8907
9001
8767
9001
9142
9360
9173
8986
8799
8783
8923
20373
9048
9547
9220
9001
9235
8782
8782
8954
9079
9017
9251
8970
9016
9079
8892
8892
8939
9033
8923
8798
9095
8845
9126
8923
9079
8923
9220
8986
9017
9454
9126
9204
8907
9064
9033
9048
9032
9516
9079
9017
9048
9126
9017
9032
8923
8955
9079
8938
8860
9251
9360
8892
9079
8907
8877
8892
9001
8985
8985
9267
9251
9095
9157
9017
8892
9032
9079
8985
9157
8939
9172
9032
9048
8767
9032
9017
9064
8939
9157
8954
9064
9345
9048
9079
9126
9438
9220
9017
9360
9142
9079
9297
8892
8814
9063
9126
8954
9017
9048
9157
9095
8846
8751
9173
9063
8751
8751
8892
9017
9142
9048
8845
8767
8845
9360
9188
9251
8845
9189
8846
8846
8955
8783
8830
9063
9032
9454
9298
8829
9048
8876
9032
9188
9126
8861
8908
8768
8892
8783
8767
8892
9001
8892
8939
9298
9204
9079
8892
8939
8736
8907
8970
9250
8814
8799
8986
9063
9313
9017
8939
8939
9126
9500
8907
8985
9422
9391
8830
9220
10936
8830
8845
8986
9017
8939
8939
8892
8892
8970
11185
9017
9063
9001
8923
8783
9298
8767
9204
9110
8954
9048
11076
8814
8845
9079
8955
9235
8986
9016
9017
8986
10935
9157
10374
8955
8955
9110
8892
11217
9048
9219
8923
9220
9017
11341
9220
11170
9516
9687
9064
8923
11373
9064
9001
9141
9142
9017
8829
11263
9048
11076
9314
9095
9017
9110
9235
8955
9141
9032
9267
9110
11170
9032
8923
9469
9188
9080
8939
9048
8970
9017
9188
9157
9079
9064
9048
9485
9002
9001
30077
9173
11138
9063
8892
9017
9095
9048
9313
9126
9126
9110
9188
9142
9095
8892
9157
9017
13010
8970
8970
8986
9016
9204
8986
9017
9126
9048
9469
9079
9188
11014
9064
9048
9204
9048
13104
9095
9157
9454
9297
9313
9142
9017
9282
9235
9266
9298
9297
9173
9282
9142
9204
9266
9267
9001
9048
9064
9111
9079
9188
9032
9142
9267
9391
9282
9110
8986
9094
9328
8985
9095
9126
9063
9547
9095
9329
11372
9188
9235
9017
9002
9141
9173
9204
9266
9329
9111
9407
8986
9188
8938
9173
9204
9235
9657
9625
9110
15039
9407
8939
8876
9282
9080
9267
9360
9080
11420
9345
9032
9079
9033
8970
8970
9126
9158
8924
9111
9017
9142
9126
8689
9126
8673
8908
8939
9189
9048
9079
8876
8923
8923
8690
9111
9173
8923
8783
9236
8907
9001
8689
9002
8939
8845
8642
8783
9080
8908
8923
8861
14664
10202
8986
9048
8596
8736
8736
8549
8595
8923
8954
8751
8736
8720
8596
8876
8751
8845
8767
8705
8612
8736
8704
8845
9126
9048
8829
8517
8721
8768
8923
8955
8658
11263
8705
8470
8331
8393
8783
8424
8439
31621
8533
8611
8549
8533
8596
8611
8861
8892
7971
10920
7909
7753
10842
33135
6567
13291
3916
66316
35490
35506
62
35584
94
31
35630
16
35662
31
35646
35693
35631
31
35631
35631
35724
62
187
218
35693
32
35646
35771
312
35771
35709
250
297
156
35677
203
218
35849
35865
35833
156
63
250
35896
35849
265
125
328
94
35693
35755
249
35833
156
328
281
156
36036
36036
202
531
234
35817
203
187
35818
327
156
530
35911
297
281
280
124
36099
35818
94
327
327
35880
390
312
141
93
140
296
280
250
266
281
359
344
156
78
421
172
172
375
94
140
421
249
359
281
296
156
281
281
31
297
468
78
32
328
249
297
234
343
343
249
328
36114
32
281
328
281
47
203
843
250
687
78
312
296
187
171
234
36208
36146
468
93
156
78
36224
296
93
140
171
124
125
499
63
234
125
296
141
218
530
36239
515
296
110
125
218
249
156
218
296
36317
218
421
219
188
156
78
312
63
219
249
202
234
156
36317
734
499
405
109
250
234
359
406
94
203
406
437
36380
140
171
125
265
265
858
296
265
62
265
187
406
125
312
172
110
94
36473
156
36457
483
265
36442
36457
795
218
375
343
265
515
250
328
36583
296
546
36582
218
36629
312
640
546
36676
327
36613
312
312
36692
484
234
296
250
375
36739
36661
36692
36629
36660
187
390
36707
36707
358
406
390
359
468
281
593
249
405
405
203
156
36738
453
499
36816
187
484
437
468
437
36988
281
749
203
624
515
452
234
437
36910
343
468
436
390
296
36863
250
218
36832
281
249
608
624
327
327
390
265
312
234
297
577
405
296
36910
281
296
390
265
406
297
234
281
312
358
36972
281
359
37035
406
37035
514
436
327
421
421
468
390
437
437
328
437
343
390
530
374
359
312
437
421
437
343
483
390
484
390
37128
328
406
499
296
37191
499
468
453
453
37207
468
37206
359
561
484
452
499
312
484
640
328
608
639
327
655
297
453
327
530
655
37299
577
437
312
344
390
37378
561
640
312
297
390
37378
374
406
812
437
421
374
359
390
343
390
624
37331
37331
655
421
733
468
437
437
37440
546
483
452
546
37534
499
37502
37440
920
562
453
531
577
842
483
499
484
577
499
624
37581
37503
37597
531
37627
468
577
593
624
514
577
37580
468
546
468
702
453
37611
562
562
452
1061
484
453
452
37752
484
453
639
655
655
640
515
531
500
733
749
546
37736
733
546
717
671
718
687
468
686
60044
780
686
515
686
406
546
546
578
702
608
733
515
655
468
608
608
686
764
37799
484
437
37846
530
421
530
640
561
624
515
37799
37846
499
514
562
2948
37861
593
515
37939
530
577
37831
37893
656
593
608
624
452
531
468
951
436
483
37877
624
796
562
38018
936
483
421
37970
38002
421
37924
531
514
483
561
38065
437
531
468
577
38126
37861
37877
38080
593
546
468
624
577
577
37862
578
921
531
37892
515
577
38033
577
749
515
38017
38033
593
609
562
624
593
577
546
38033
624
37924
624
38064
2340
37955
624
38111
718
37955
702
686
671
671
749
38002
60061
37970
37955
37971
37955
718
38002
37971
889
733
37986
38330
37986
842
717
702
38033
718
38017
764
38017
780
827
38002
826
37986
733
858
780
38096
733
764
749
733
811
1014
764
1061
827
842
38173
1014
843
827
842
38064
920
842
858
38048
38111
38127
796
889
827
38126
874
38236
38126
889
920
920
2371
811
858
858
858
38127
1467
905
811
874
889
38142
38173
38158
999
38517
968
811
873
936
951
858
936
936
967
920
905
920
921
827
921
38345
983
38345
827
1014
38298
843
1139
936
873
796
999
920
982
1045
998
998
905
38377
1014
2481
38267
920
983
1233
1077
38408
2746
1060
1060
764
38282
967
952
1311
1014
967
1076
795
920
936
998
920
967
811
1060
998
38329
38392
827
1092
873
38392
780
1123
983
889
1045
38376
1061
39593
936
873
904
920
967
1185
967
874
1030
1248
921
1030
889
38594
936
967
952
998
1046
39016
1185
1061
38517
1077
999
1061
1279
1014
1030
1716
1747
1076
1279
38610
998
1045
1030
999
1030
1077
1029
1778
1030
1045
1077
1123
1061
1092
1076
1046
1124
1014
1139
1061
1139
1294
2511
1139
1108
1124
1076
1123
1310
1077
1061
1233
1108
1170
1123
1263
1201
1060
1092
1154
1154
1201
1092
1139
1092
1217
1232
1123
1248
1217
1201
1201
1139
1076
1295
1451
1217
1077
1233
1389
1061
1419
1061
1186
1123
1435
1123
2153
1186
1107
1154
1248
1123
1216
1217
1233
1077
1139
1248
1123
1170
1060
1372
1201
1061
1186
1108
1108
1404
1170
1124
1248
1248
1233
1124
1232
1092
1388
1295
1155
1233
1248
1201
1264
1139
1295
1202
1233
1186
1154
1310
1170
1279
38548
1170
1077
1201
1123
1060
1248
1139
1108
1108
1217
1124
1092
1326
1155
1123
38532
1170
1232
967
2418
1155
1217
1264
983
1170
1186
1139
998
1170
1170
1170
1030
1107
1170
1061
1248
4602
1248
1123
1186
1170
1279
1201
1248
1077
1201
1077
1217
1233
3323
1248
1451
1404
1155
1513
1310
1419
1264
1202
1185
1341
1248
1186
1419
1248
1186
1155
1389
1216
1372
1185
1404
1217
3120
1233
1388
1248
1560
1295
1560
1295
1295
2949
1310
1575
1435
1576
1669
2231
1872
858
905
780
920
904
936
3323
780
780
967
858
952
281
843
905
125
109
687
936
999
234
858
1107
920
764
1030
905
843
921
171
203
374
250
203
93
203
1123
125
156
156
109
218
1076
297
375
62
936
141
172
265
125
281
93
109
94
78
280
31
374
93
327
281
203
312
328
47
110
344
63
47
234
390
452
250
125
156
63
234
125
421
187
405
203
561
468
219
219
437
608
188
249
187
140
62
265
265
280
171
46
249
78
141
141
249
187
297
172
78
47
359
437
686
62
109
47
218
187
31
188
141
203
171
250
406
31
109
156
405
125
265
530
297
749
249
281
62
63
437
312
202
109
468
156
452
141
312
406
250
156
202
265
203
250
156
141
125
202
234
265
265
187
390
296
125
453
249
327
327
249
328
234
109
62
249
94
218
156
468
328
344
110
344
374
484
328
406
359
156
421
203
47
47
141
250
110
47
156
109
94
172
141
46
125
156
249
171
78
141
31
124
702
125
218
234
31
156
47
156
375
47
171
124
234
531
390
94
156
156
234
46
296
405
78
280
1748
110
125
78
297
234
93
249
187
187
110
203
32
78
93
78
328
94
281
31
109
281
94
188
62
93
952
109
374
93
234
46
47
109
281
110
203
297
218
250
94
47
31
203
436
93
63
32
437
218
234
312
234
374
234
514
94
218
250
250
218
359
78
78
140
281
218
202
858
156
483
203
1357
234
234
234
249
234
234
249
249
281
125
234
640
78
156
359
344
281
390
15
327
421
172
437
296
343
468
78
47
63
499
63
297
655
94
328
109
187
125
281
172
140
359
281
124
93
93
63
406
327
374
109
219
219
171
187
452
47
312
78
249
93
109
156
218
218
125
188
234
172
187
187
359
31
234
93
109
125
47
110
125
109
156
93
47
109
156
172
94
437
172
312
156
468
187
234
187
78
515
202
406
188
203
531
234
109
125
219
187
46
312
234
110
32
187
125
234
124
265
265
437
187
297
187
312
203
171
218
234
296
203
203
281
2230
250
78
203
500
203
250
312
187
171
312
234
203
422
15
2215
390
297
297
234
281
202
187
202
156
32
234
31
94
109
343
296
499
281
187
110
328
110
156
203
250
358
62
78
218
78
422
359
109
109
109
452
31
140
187
172
218
141
141
47
203
109
31
281
250
249
218
156
62
16
46
31
280
47
7598
266
156
343
249
437
2278
312
249
2480
296
344
63
125
15
94
141
31
156
62
639
187
249
156
234
203
343
250
188
531
93
405
94
109
187
172
297
421
140
312
296
172
172
156
218
234
234
203
249
452
219
265
265
515
203
78
280
343
234
156
250
125
577
390
188
94
265
234
109
296
156
125
156
422
172
218
437
265
2106
125
499
219
219
78
109
93
515
390
234
249
171
219
203
78
187
218
156
63
93
686
218
203
109
109
188
218
93
749
2293
156
421
94
219
188
78
31
281
94
141
31
280
94
405
218
609
343
125
202
265
265
218
468
94
515
390
171
78
390
390
265
94
141
94
359
141
78
188
94
297
343
140
78
468
374
125
141
141
905
202
203
187
281
343
358
374
390
359
93
437
31
234
374
452
94
187
484
421
328
6115
514
421
172
47
484
171
31
78
484
733
483
312
156
156
702
156
156
172
32
62
47
234
124
62
187
47
32
62
203
280
187
171
188
156
94
266
62
141
78
31
46
234
78
203
156
328
32
281
281
46
312
156
171
390
219
141
124
156
78
62
109
437
32
655
93
374
249
78
125
110
93
297
187
156
78
78
109
172
811
109
109
187
156
452
31
437
172
78
63
94
31
202
468
421
2309
218
218
234
125
281
250
234
281
312
296
187
140
530
125
109
172
94
296
4321
63
202
748
281
78
312
328
359
359
125
375
141
94
156
343
437
31
46
187
515
187
31
250
16
328
250
281
156
156
202
2262
312
31
62
31
16
390
110
218
125
187
78
297
624
125
234
219
421
359
93
94
109
281
140
187
78
172
94
187
265
93
31
16
297
218
93
234
31
31
858
187
203
858
686
109
140
827
281
38844
328
38813
452
188
172
94
38797
234
218
202
812
219
39016
38829
296
39016
281
156
297
328
281
2044
38907
156
187
296
2356
156
249
249
203
265
187
63
1560
234
577
38766
47
390
171
780
249
764
109
38954
640
218
327
141
39016
141
249
249
280
62
358
499
38829
203
265
250
312
39063
250
93
109
250
406
141
38953
109
281
1466
296
94
125
93
249
78
375
172
312
140
250
172
250
172
344
203
39094
219
234
265
296
296
328
344
39235
2418
390
546
374
374
483
374
500
2153
655
1108
2542
97688
96222
65380
65411
65505
65489
47
172
125
65708
65724
249
171
94
437
47
140
249
266
109
280
156
203
577
593
234
312
343
500
406
796
390
188
93
281
249
47
141
172
312
296
203
46
468
249
125
219
125
171
484
203
468
343
187
250
406
328
265
359
156
62
156
250
172
967
250
296
296
327
187
172
234
2121
2449
187
436
172
140
203
265
172
156
390
343
234
30810
172
437
156
188
172
592
156
187
265
218
234
218
328
234
31
297
110
187
202
187
327
47
281
281
234
281
234
390
265
296
266
46
266
468
265
202
577
250
406
203
375
281
296
281
249
842
63
390
203
140
187
234
250
296
203
390
47
406
312
297
234
265
171
62
140
734
343
265
405
499
62
31138
31247
390
31216
219
31294
62
328
31278
31356
31309
31294
31293
90012
31371
31169
31418
171
171
31356
31387
31356
31387
468
31309
31293
31434
31325
31263
31357
234
31263
31559
31294
31513
31279
31481
31559
31388
578
31372
219
31279
31403
219
31310
31450
31278
31278
31403
31184
31372
31278
31310
281
31559
141
31294
281
31200
156
156
219
219
69202
203
31403
390
31341
31325
31294
31372
31356
31169
31263
312
31216
31341
31294
31481
406
31200
31341
31434
31434
31356
31466
31434
297
31325
31434
31232
31403
31278
31278
31434
296
31341
31247
31138
31279
359
30950
31278
31262
31418
31512
437
31606
437
31528
31387
437
31356
31450
31559
31434
31496
31403
30997
437
30950
437
327
405
31247
327
31543
31169
515
31340
31559
437
31777
31388
31013
328
328
468
31356
358
31497
31528
31465
31481
374
30998
31013
359
296
312
31340
31465
452
31450
437
31278
31263
562
452
2387
31419
453
31403
31185
468
31107
359
31637
31153
31231
483
483
452
468
499
468
905
390
31372
31029
31107
31325
390
31512
405
31075
530
515
546
515
530
515
452
561
561
31434
468
483
31434
515
515
452
624
546
468
31200
624
499
499
655
31403
31746
733
577
31450
795
686
624
624
31777
671
671
764
686
702
31559
671
749
764
31590
748
795
795
780
811
842
827
827
843
905
796
843
843
843
858
858
858
998
31746
889
889
905
905
952
905
952
827
952
842
951
967
967
983
999
936
983
983
999
968
983
936
1014
1107
1030
1030
1014
904
936
889
1061
1061
1061
936
936
1046
1155
952
967
967
889
983
889
874
982
967
967
905
998
1108
983
1030
1092
1092
1170
936
1170
1186
1139
1045
1154
1060
1107
936
2512
1014
1107
1014
1107
1092
858
780
1092
1123
1108
1014
1529
1139
1154
1061
827
1108
1014
1201
1185
1123
1170
1170
858
921
1030
858
1232
998
1248
1061
952
1263
1045
1014
1123
1092
1217
905
1124
936
1170
1170
1216
983
1123
936
936
1061
1248
1576
1123
1061
1217
1186
1139
1482
921
982
1186
1201
1108
983
1014
1107
1201
936
1030
1264
1123
1061
1077
968
983
983
983
1201
951
982
1045
998
1170
999
999
951
1077
1030
1060
1060
1170
1170
1092
1123
1060
1076
1201
1092
999
1123
1061
1154
1248
1045
1076
1170
1170
1248
873
1107
1154
936
1139
1061
998
1404
1139
936
1061
1201
1061
951
1185
873
1232
1170
1077
1077
1154
1123
1045
1061
952
1139
1108
1092
1139
1061
1279
1076
1014
1123
1482
982
873
1030
1014
1045
998
874
1061
1107
1029
1030
983
1029
1014
1326
1124
1076
702
1295
1107
826
936
1404
827
1108
920
1107
1092
1404
733
952
826
1154
1154
827
842
1529
1404
1185
1591
1216
858
936
905
858
2870
858
1061
1591
1233
967
1295
967
999
998
1560
998
982
920
1045
1030
1030
3042
1029
905
999
1014
2839
1279
998
1139
858
1107
1029
1060
30171
1155
1061
1123
936
1045
999
1014
952
1108
967
1170
936
1139
999
1310
1264
1014
1108
952
952
1030
967
1077
1108
1077
1201
1092
3136
1061
1061
1061
1077
1092
1139
1076
1045
1326
999
999
1061
1154
1138
1154
1030
1014
1186
1139
1124
1185
905
1201
1030
1217
1326
1061
890
952
1186
1185
983
1170
1155
843
1045
1107
842
842
811
1045
1138
1357
1186
1264
1420
827
1404
999
999
1202
1185
1014
1279
1232
1123
1201
1060
1248
1139
968
1014
1029
733
1123
967
1248
1092
1108
1092
1108
1155
1154
1185
874
1311
1045
905
1045
1061
812
1155
843
842
873
873
1420
936
1123
780
842
858
796
968
936
952
2932
858
1014
1076
1607
874
1185
889
967
952
1232
905
920
1264
1498
983
983
1107
983
982
920
920
952
952
843
967
1061
998
951
998
1092
1092
889
1045
967
983
967
1123
1014
920
30124
1014
1030
3105
1077
1061
889
1030
889
1077
1014
1061
967
1310
1279
1108
1107
998
1030
1076
920
1108
1092
1030
3136
1045
1029
3229
1076
905
1014
1046
1061
1014
1045
983
1077
1014
999
1060
1123
1092
1060
1310
1092
1138
1014
3401
1092
1014
1046
920
983
999
1123
889
1155
1170
889
1279
1014
874
1061
1045
1139
1029
1155
1404
1045
998
1092
952
951
1170
1108
1014
951
780
1092
1077
1092
1419
999
936
1077
1357
1123
982
1076
1030
764
967
1560
1014
1124
1373
1139
1030
1185
733
1061
1092
1311
1248
936
1217
1342
1482
1497
1092
1108
936
842
874
1108
936
890
1108
968
1076
1030
967
889
1389
1794
967
967
936
936
1061
1014
889
1295
1061
998
827
1029
827
1077
982
1045
1092
827
1061
1123
1014
998
951
1170
1138
1076
1232
1123
952
1077
905
1045
1045
1170
1201
999
1201
3307
1045
1092
998
951
1123
982
967
1061
983
999
1061
1076
1046
1575
1076
1077
1092
889
1108
1139
1108
1076
1123
842
1123
858
889
1107
920
1263
1092
920
1170
1342
1139
1045
1170
1077
998
873
873
905
999
1155
1077
1014
1123
1170
1201
1092
1124
905
1108
921
998
1232
1092
951
1263
1076
1014
1030
1498
1233
873
858
998
858
1138
1435
1092
1092
952
1264
1108
1092
764
1170
983
1108
983
1108
1389
1092
1014
967
1045
1404
968
1139
1077
1451
983
718
1014
1154
936
999
982
1107
1029
889
1201
1076
1295
812
858
874
921
1076
889
905
1326
1107
2949
858
1404
952
936
874
1186
1202
951
1326
952
951
999
999
999
999
1077
1124
1076
1107
999
1139
951
951
1170
1186
1185
1076
1170
1185
1045
1123
1202
1263
1217
1092
1107
1217
1201
1248
1030
1030
1092
1139
1092
1077
1341
1357
1107
1108
1186
1092
1092
1061
1186
1077
1186
1060
1123
1404
1186
1155
1139
1201
1248
1216
1232
1092
1185
1248
1217
1076
1216
1466
1310
1045
1030
1155
1186
1123
1248
1045
1186
1201
1138
1326
1420
1264
1248
1045
1217
1154
1170
1108
1186
1279
1232
1372
1263
1404
1138
1404
1248
1232
1389
1263
1232
1310
1263
1232
1232
1123
1186
967
1310
1529
1310
1108
1498
1123
1404
1310
1232
1248
1264
1030
1326
1358
1170
1170
1170
1233
858
1077
1295
890
1373
1342
1014
1139
1404
874
1170
1358
1482
890
1154
1092
1716
1014
1154
1107
998
983
983
952
1060
1014
1638
1045
1497
936
1060
983
1092
1544
952
1046
1092
1092
1061
1076
1747
1061
1014
1045
1217
1077
921
1154
1138
1014
1108
1108
874
1045
1077
1170
951
936
920
1170
921
1061
1185
999
1030
1014
1201
967
920
1154
920
983
1030
1030
812
1186
921
1467
1124
890
874
1076
920
1809
983
1060
998
951
951
764
936
952
1076
780
890
1232
920
999
905
874
2886
889
1138
1014
748
920
1014
920
733
1092
1529
1420
1342
952
858
687
827
952
1155
951
702
873
1232
874
889
904
1201
1045
764
951
951
967
1061
967
1186
795
1076
982
1295
1654
1264
967
734
827
1029
951
1139
874
749
1045
1060
733
1030
921
780
1029
1107
843
1326
811
967
811
968
890
905
889
717
920
1045
1310
827
889
936
1420
968
812
827
905
874
983
1155
890
811
858
904
873
936
889
811
1014
936
795
889
827
796
811
905
812
858
874
936
827
889
874
920
967
1014
936
952
967
858
921
765
3291
873
998
1201
952
1030
812
1139
1045
951
9235
1092
1107
936
1123
1029
1061
905
3432
904
1076
904
1138
889
1061
1092
1264
1170
827
1029
983
952
999
982
982
30155
858
1014
858
889
1046
1014
3338
936
1389
1155
1014
921
3151
1061
1295
1014
952
30202
1248
1123
889
1123
1045
1045
1170
1030
905
1185
30311
30295
951
904
68999
1092
858
889
30373
842
1029
1076
998
1170
30373
30373
1123
30326
68843
30358
1217
1248
30155
30342
1045
30202
30217
30155
1092
1076
1139
30483
30467
30233
1123
30311
952
69124
30342
1154
68906
936
30171
874
1046
30140
30452
30374
69202
1046
30155
827
30499
1155
1124
780
1233
1014
69031
30280
30296
30311
1061
30483
983
843
874
1232
905
30342
30529
967
842
30560
842
1186
68984
1108
905
68968
1029
1076
30638
1482
1123
1373
1544
1138
967
1076
69171
68875
1014
1061
1061
1201
905
30264
69373
1092
952
842
905
983
1514
30452
1154
30545
30296
1357
967
1014
951
936
1107
69217
69046
920
1077
1014
843
1029
69093
874
1201
1014
30045
68952
1061
30608
1170
68812
68906
68968
69061
1092
1092
68796
967
68983
1092
999
968
999
951
69062
69202
69108
68983
69030
69077
1061
69062
1077
968
69046
1092
1077
983
1201
69092
1123
1092
68859
1170
1076
1154
1139
68921
1061
1779
1123
1107
1092
1123
1170
1186
69000
69171
69187
1123
998
1123
69233
68983
68937
1076
1076
1092
1279
68968
30124
1185
1186
69093
69015
1310
1186
1124
1217
1217
1326
1139
1232
1232
1342
69108
69092
69420
1248
1279
1388
68999
1186
1202
68968
69249
69077
69061
1326
69280
1248
1232
1248
1264
1264
1264
1544
1592
7582
69202
68812
1311
1311
1389
1310
1326
1232
68999
1435
1326
69124
1248
1326
1342
1358
68875
1436
68875
1389
68968
68905
1404
1294
1420
68968
1342
68890
69140
69140
69358
69280
1435
1435
1451
69030
68953
69015
1373
1451
69015
1373
69280
1357
1388
1404
1388
1294
1388
68968
68984
68953
1326
1341
1435
69155
1451
1357
1357
69046
1545
1357
1560
1372
1372
1544
69373
1794
1326
1498
1497
1419
1513
1404
68999
1544
1450
68968
69155
1654
1420
69031
1482
1482
1482
1482
69078
1497
1497
1497
1497
1451
68921
1435
68999
1638
1451
69093
1514
68999
1482
1529
69046
1404
1560
1606
1591
1623
69327
1529
68999
1638
1560
1684
68999
69077
1528
69108
1513
1560
5273
69124
68968
69202
1560
68890
68874
1404
1513
1498
1435
68875
69436
1685
1653
1856
68905
1622
1638
5101
1513
1576
1607
69217
68999
69109
1607
1450
1622
1638
1763
1716
1498
69124
1592
69202
1544
1778
1638
69124
1669
1623
69046
1638
1575
69046
1825
1591
1607
1716
1498
1544
1670
1482
1685
69265
1514
1497
1607
1685
1700
69077
1685
69077
1794
69217
32463
1872
1482
1638
1700
1451
1638
1592
1576
1622
1607
1607
1497
1513
69374
1747
69170
69514
1654
1560
69234
1623
69109
69187
69186
69155
1669
69108
1669
69218
1654
1794
1716
1607
1685
1653
1623
1560
1591
1606
69295
1669
1670
1763
69217
69202
1638
69483
69265
1622
2122
69218
69078
69296
69156
69186
69233
1809
1669
1810
1732
1716
69389
69249
1748
69265
1716
1701
68921
1716
69483
69327
69296
69093
71012
69171
69374
69342
69342
69217
69124
69139
69140
1810
69452
1763
1701
1841
69218
69031
1872
1685
1654
1716
1809
69030
1856
69030
69280
1763
1607
69171
1887
69186
1919
69295
69249
1934
69155
69140
1888
1732
2075
1747
69623
1747
69093
1716
1762
1747
1762
69607
1810
3479
1966
1919
69140
69358
69249
1825
1747
69109
69140
69170
69233
1825
69014
69046
1857
69296
69077
1732
1794
1778
68937
69296
1841
1856
1872
1965
69187
1903
69218
1763
1857
1918
1778
1810
1872
69202
68968
1872
69405
1982
69015
1809
1997
69202
69311
68936
2012
1794
3307
69140
1997
1966
69062
1810
1888
1950
1856
1981
68952
69124
1934
1950
1872
1934
1966
1856
1966
2028
2122
69155
1856
2059
2106
1857
2028
69217
69171
2012
1997
1904
69577
1919
1997
69186
1888
2059
1966
2074
69140
69249
2106
1950
2028
69561
1934
1934
1981
2059
2028
2075
69467
2278
2028
69218
2028
2043
1965
2059
69046
69186
2012
2044
1935
69249
2075
1982
2106
2402
2121
2028
2028
1918
2262
2153
69654
2075
69108
2044
1935
2028
2090
1981
1981
69187
2121
1996
2106
2200
69374
2012
2044
3760
2075
2091
2043
2090
1919
2091
1903
69155
2169
2028
2059
2044
2230
2012
2028
1888
1997
2106
2091
69078
2215
69171
2028
69092
2090
69326
69061
2012
2200
69342
2356
69124
1950
68906
2122
2028
2090
69342
1997
2137
2028
69030
2184
2340
2371
1997
2060
2091
69171
2231
69249
69108
2418
69030
2075
2231
2231
2091
2044
2091
2340
2090
2091
2137
69452
2169
2121
2386
2636
2137
69140
69077
69171
2309
2169
69093
2199
71152
2246
2230
68890
2215
2231
2231
69109
2169
2262
69202
69092
2776
3775
2262
69030
2262
68984
69078
2231
2309
68827
2278
69343
7613
2293
2324
68936
69170
68890
69140
2216
2449
69249
2324
2324
69311
2308
69311
68999
2372
69124
68968
69093
69499
2278
2387
68968
2340
2324
2324
69779
69030
2278
2434
2434
2372
2387
2402
2355
69077
69171
2309
2371
2308
2449
2387
2496
2340
2465
2450
69140
2543
2574
68999
69108
2496
69046
69296
2371
2449
2464
2480
2402
2527
69810
2527
2465
2434
69140
2418
69046
2433
2496
2496
68906
69187
2418
2511
69186
2449
2496
69108
68968
2590
69031
2480
69077
2449
69046
69108
68827
69046
2574
68999
2481
69077
2480
2527
2418
68859
2543
2559
2684
69343
68828
2496
68890
68906
2574
2511
68937
69109
69295
2698
68859
69108
2761
2590
68937
69093
2481
2527
69202
68905
2512
69124
68968
2590
68781
69171
2480
2605
68859
2589
69436
69311
2636
2698
69108
69264
68859
69015
68719
2668
3963
68828
2668
2543
2511
69326
68890
2605
2730
68843
2792
68719
2745
2559
2621
2698
68936
2605
2730
68703
68796
2699
2777
2793
2715
2824
69031
68812
2667
69077
68875
2620
69077
2730
68765
68672
68718
2621
68844
68719
2793
69171
2715
68843
2761
2652
68578
68593
2745
69092
69186
68874
68858
68827
68906
68578
68906
2777
68937
2762
2699
68906
68906
69093
68640
68703
2730
2761
2933
68828
68937
2901
68936
68843
2855
68688
2808
2746
68859
2777
2855
68999
3073
68624
69046
68827
2808
2839
68874
2839
69280
68890
2746
68796
2855
68952
2777
68765
2902
68937
2932
68515
68516
68796
68781
68656
69093
68500
68827
2949
68828
2917
68812
2855
2824
68719
68719
68765
2886
2901
68812
68812
2948
68453
2995
2917
68952
68734
68812
2855
2871
68984
68625
2871
68890
2902
68828
68828
68781
68438
68937
3011
2979
2901
68453
2886
68734
68859
68656
2933
71417
2964
3042
68625
68734
68468
68874
68812
69202
2886
3182
68594
68594
2824
68828
3042
68547
3057
2886
68547
2933
3089
68719
2871
3042
68640
2854
2901
68578
68656
68702
3104
68983
68578
3027
69031
69062
68593
68983
2855
69327
68656
68718
2886
69031
3089
68640
3010
2964
68671
3073
4087
68578
68656
68625
2964
68547
2855
68781
2949
2949
2917
68547
2995
3042
2980
68781
68844
68703
3011
68593
3058
69093
68531
68656
3088
2979
68687
2886
68672
68812
3167
3105
3135
68781
3136
68500
3198
68765
68999
3166
3057
68656
4649
3011
68516
2995
3151
2948
68734
3089
69218
68750
3104
3276
68500
2948
3120
3026
68469
3042
68610
68781
2980
3089
5024
68766
3074
3027
68688
68578
68734
68453
3120
3089
3089
68781
3136
3042
3058
3213
68765
3135
68718
68718
68812
68407
3120
68641
68890
3042
3042
3058
68734
68594
68594
68500
3104
3042
3104
68640
3135
68578
68656
3120
68375
3136
68609
68609
68547
3042
68469
3276
68765
3104
68515
68563
68797
68797
3151
3151
68656
3104
68624
68562
68609
3073
68609
3214
68687
3120
68516
68781
3370
68844
68516
3276
68828
3120
68547
68532
3167
68562
3151
68484
68500
68563
3120
68297
68468
68671
3354
3135
68874
3385
68297
68594
68563
68563
68484
68453
68625
68875
3167
68687
68297
68485
3198
68546
68531
68437
68921
68547
3370
3167
3261
3198
3198
3198
3229
68328
68500
68391
68360
68984
3214
71121
68250
3213
3401
68812
68266
68812
68516
68718
68562
68641
68282
69109
3417
68515
3307
68531
68141
68329
3214
68485
68329
68360
68578
3307
68250
68125
68375
68500
68359
69093
68484
68500
3276
68094
68360
68251
68454
3401
68594
68048
68578
68515
68047
68578
68094
68516
68547
68344
68328
68390
68624
68578
68500
68468
68515
68156
68515
3369
68250
68578
68547
3354
68485
68594
68531
68125
68406
68578
68500
68328
3323
68281
68266
68422
68360
68235
3401
67985
3400
3541
68313
68126
67970
3338
3401
68204
68188
68329
3448
68126
3432
3417
68406
68640
3385
68125
3432
68328
68313
3339
68126
68235
3447
3463
3447
73211
68687
3307
68484
3463
3307
3479
68235
3729
3308
68688
68125
68281
3510
68188
3369
3463
68095
68219
68141
3463
3463
68266
3354
68484
68312
3510
68266
68204
3494
68250
68298
3510
3339
68781
68703
3385
68281
68469
3432
3651
3604
3354
68219
69467
68172
68203
3416
68312
68312
68250
68094
3401
3416
3510
3417
3604
3588
68220
3526
68344
3401
3526
3588
68235
68125
3541
3635
68204
3619
68173
68281
68250
68234
68141
3525
68063
68328
3510
68095
3479
3542
3619
68157
3604
68266
3510
3619
68204
68812
68219
68874
68297
68297
68204
68329
68220
68313
68047
68313
68141
3557
68219
3635
68313
68156
68203
68235
3619
68172
68313
3542
68173
68360
68032
68220
3603
3557
68297
68173
68110
68157
68266
68235
68188
68017
68173
68281
68375
3681
68297
68406
67970
68219
3666
3588
68188
68204
67939
68266
68281
68219
3650
68219
68313
69483
68297
68297
3573
3573
67970
68172
68266
68219
3806
68110
3682
68235
68282
68016
68016
3682
68235
68157
3666
68251
3760
68391
68251
3760
68001
68220
68188
68266
68251
3713
3729
68313
3651
67891
68578
67892
67970
3713
3728
68282
68219
3697
68313
68282
3744
3776
3604
68282
3822
3697
68110
67954
67876
3884
68063
67939
68251
68266
67970
68063
68141
68001
68250
68047
3666
68047
68297
68172
3837
68578
3884
68063
68125
3728
67798
67783
67783
68172
3837
68360
67954
67767
3775
68141
70575
68173
67985
68375
3775
68359
3853
68141
68188
67923
68079
67860
68172
67923
68141
3728
68360
68406
68110
3728
3744
68017
67751
3775
68141
68032
68063
4087
3744
67938
68359
3775
68047
68000
68125
67860
69140
3822
67970
68251
67720
3915
3915
67814
4009
68048
68000
68047
4040
67798
67844
68672
68016
67892
67954
4134
67985
68843
67782
67861
67892
3869
67986
67939
3885
67954
67876
67923
67704
67860
67704
67861
3978
67688
67969
67969
68156
68266
68032
68297
67736
68172
68032
3853
5133
68048
67908
3932
67876
67830
3947
67876
67830
4087
67611
67626
3947
68235
68235
67891
67938
68110
67970
67907
68001
3947
67876
67610
67673
67579
67564
67845
67860
67860
3978
68064
68251
4025
67892
68017
67752
3978
67954
67798
67829
67861
67720
4040
3978
68000
67470
68687
4180
67938
67736
68048
68032
68110
68313
67954
67439
67814
3962
67736
68391
68048
67939
67782
3993
67891
4056
67657
4040
67954
4009
4041
67783
67829
3963
3947
67985
3962
67782
67564
4087
67860
4072
68407
67658
67814
4306
67783
68032
4119
4072
67595
4025
67829
68125
67751
4072
67782
67892
4134
67564
4149
67705
67814
4072
67969
67704
67642
3978
4149
67579
67938
67782
67533
3962
4056
68220
67627
67674
4056
4103
67627
4181
67579
67657
67720
4181
4196
67673
68298
4166
4181
4025
4243
67657
4212
67751
68266
75317
67549
4087
67564
67736
4180
67610
68156
68000
68406
68656
4087
67814
67517
67299
4150
67705
4118
4212
4196
67689
4150
4181
67455
4119
67174
4040
4118
67283
67751
67532
4102
67564
4134
4321
4322
67767
4118
4290
67111
67283
4306
4197
67361
67626
4102
4180
4336
67376
4181
67580
67517
4212
66924
4415
4212
67440
67580
4166
67596
67455
4181
67767
4571
67439
67533
67174
67564
66846
67018
4134
67454
66815
66831
67439
4181
67954
67268
67440
67455
4228
67393
4275
67486
4275
66909
4243
4227
67143
66893
4259
66940
66675
67143
67454
4258
66628
4228
4368
66971
67034
4275
67174
67393
4259
67408
66425
4259
4290
66862
66847
4306
4306
66800
4275
67471
67174
67486
4212
67657
66331
4227
67236
67642
67143
66597
4353
4244
66207
67003
67081
67018
67096
66425
66441
66893
67190
4353
66831
4368
67299
67143
68001
4555
66830
67064
66300
67298
65832
67314
66737
66441
4352
67050
66566
4399
66441
5475
4508
4368
4399
4758
4368
4430
66955
66768
4414
67002
4539
65895
65411
66956
93351
67034
65895
4415
65224
67658
67033
65520
93351
67033
93351
67689
93367
65942
66472
65973
66550
64771
93366
66659
66300
93382
4477
65240
93398
65911
66487
65130
65551
93398
93414
66129
93414
66971
65567
4477
66269
4524
66004
93429
93413
65910
65271
66051
66597
65973
66894
64990
4509
66036
64210
64444
4524
65817
65536
93429
64506
65957
64428
65676
4524
65395
65520
4508
4540
4649
4555
4540
66254
65786
64335
64724
93460
93460
65317
65115
93476
93492
70263
64444
4602
93492
64444
64366
64350
64319
64927
4633
66082
64975
4743
64616
64382
64319
93538
4633
64537
66908
64506
64397
64507
64413
4665
64382
65614
64569
64007
93569
4617
64475
64865
64382
64413
93585
65489
67423
65504
64412
63976
64194
64272
93616
93616
93601
66254
65052
65006
64210
65084
66924
64179
64272
93632
64069
64195
93648
64335
64538
4711
4711
64241
4743
64412
64397
4789
4758
4726
93663
64116
65661
64304
4758
4742
64413
4758
4758
63555
30201
64179
4805
64070
64304
4774
64038
63773
4789
64600
64148
4789
70606
4930
4836
64366
70279
65395
63851
68781
5772
66020
65021
64101
63539
63164
63180
63586
4758
64194
4852
63040
63383
64116
93788
63835
4883
63976
63805
60716
4836
69919
64007
64381
63710
93850
93834
4851
62385
63711
63025
63415
66519
4945
62151
63601
93850
4836
4899
63555
63243
63305
4867
4961
64179
63523
4945
4882
5179
93850
62229
63071
93866
4961
5102
5117
63196
4992
93882
62760
63445
63976
93897
5023
63867
4930
4930
63383
93912
64865
61183
4961
63321
64663
60591
5492
93928
5148
4992
5039
93959
63664
63383
4929
63118
93959
63040
69904
4945
5008
93975
5023
5055
94006
63524
94022
5086
63680
94038
5102
5179
5039
5039
5101
5132
5085
67720
94053
5117
5117
94084
5133
94100
5101
5070
5179
94115
5148
5148
94131
5194
5164
94178
94178
94194
94193
5210
5304
5211
94209
94209
94224
5304
94241
5273
5241
5257
5241
94256
5211
70387
5226
94271
5272
5257
5241
94271
5304
5304
5210
5242
5226
5304
5242
5211
5273
5273
5335
94334
5226
5351
5195
5304
30045
5304
5226
5289
5523
5320
5273
5242
5398
5304
60247
94443
5320
94459
5273
94459
5320
5335
5507
5273
5429
5414
5414
5319
5304
5397
5413
5445
5351
5289
94490
5429
5336
5460
5398
94521
5460
5492
94521
5460
5382
5367
5554
5492
5491
5398
5351
5600
5538
94630
5429
5444
5460
5585
5475
5569
94677
5569
5679
5554
94708
5491
5554
5429
5460
94724
5570
5539
5569
5491
5554
5538
94786
5553
94802
5616
5695
5585
94818
94802
5679
94818
94818
5773
5632
94849
5663
94849
5678
94865
5710
94880
94880
94880
94880
5772
5756
94911
5757
94896
5773
5741
94912
5788
94911
5928
5835
94926
5959
5866
5850
94974
5912
62728
5913
5897
5913
5944
6022
5960
5928
95067
95067
95083
5990
95083
6006
6038
6021
6021
6006
6022
95114
95098
5991
6069
95083
66707
6037
95098
95099
6099
6037
6084
95098
6099
6068
95083
6116
95083
95098
6131
6100
95098
6131
95099
95099
6131
6116
6147
95099
6146
95098
6131
6147
6240
95129
6116
95130
6194
6224
6209
95145
95161
95161
95161
95161
6224
6209
95161
95177
6209
6318
6271
6177
6333
6225
6303
95192
6194
6287
6770
6271
95192
6303
6272
6381
6287
6318
6271
6334
6350
6271
6271
7161
6397
6474
6443
6443
6365
6411
6396
6365
6396
6396
6396
6412
6443
6349
6381
6397
6380
6506
6428
6380
6412
6475
6459
6521
6489
6506
6412
6677
6459
6443
6349
6552
6568
6427
6583
6584
6443
6380
6380
6443
6459
6474
6537
6412
6536
6536
6412
6427
6615
6521
6645
6583
6583
6615
6599
6709
6506
6692
6646
6614
6615
6818
6631
6583
6614
6645
6645
6599
6661
6677
6661
6692
6661
6692
6723
6739
6661
6787
6739
6739
6787
6880
6802
6896
6818
6848
6864
6755
6817
6817
6942
6911
6896
6973
6942
6957
6974
6989
7067
7099
7129
7098
7145
7145
7161
7098
7145
7145
7145
7207
7239
7176
7177
7145
7176
7223
7160
7191
7192
7207
7347
7285
7301
7301
7317
7301
7270
7348
7270
7332
7363
7363
7348
7285
7317
7379
7535
7363
7394
7395
7395
7520
7426
7411
7426
7504
7535
7472
7441
7504
7441
7504
7488
7613
7425
7519
7504
7504
7582
7535
7504
7566
7644
7551
7566
7535
7613
7567
7520
7582
7644
7597
7566
7582
7582
7613
7629
7660
7660
7738
7691
7659
7738
7738
7660
7738
7706
7675
7754
7769
7753
7723
7801
7831
7691
7784
7707
7800
7769
7738
7816
7832
7925
7956
7816
7831
7832
7800
7785
7879
7879
7832
7847
7862
7878
7862
8362
7894
7878
7972
7878
8034
7956
7925
7925
8112
7956
7925
7988
7863
7971
8065
8018
7987
7972
7957
7941
7925
7925
8003
8049
8049
8081
8065
7956
8003
8097
8066
8097
8112
8127
8081
8081
8097
7972
7987
8097
8081
8096
8050
8081
8096
8066
8081
8050
8268
8144
8159
8081
8081
8144
8128
8159
8128
8159
8159
8175
8252
8221
8222
8284
8315
8283
8205
8237
8175
8378
8237
8237
8284
8253
8221
8283
8268
8315
11857
8284
8284
8627
8284
8346
8409
8408
8315
8361
8221
8362
8284
8315
8237
8330
8580
8424
8237
8331
8237
8221
8300
8487
8346
8487
8393
8315
8393
8455
8346
8331
8456
8486
8408
8456
8393
8362
8377
8549
8408
8549
8424
8487
8456
8440
8347
8471
8486
8455
8393
8487
8393
8564
8502
8533
8580
8518
8517
8658
8471
8518
8409
8409
8581
8518
8549
8549
8564
8612
8471
8580
8612
8564
8596
8596
8690
8643
8627
8549
8612
8611
8611
8595
8627
8674
8627
8643
8503
8752
8627
8533
8471
8486
8596
8565
8471
8471
8611
8486
8486
8627
8596
8487
8830
8612
8705
8612
8596
8643
8721
8580
8674
8673
8627
8673
8689
10468
8643
8581
8565
8565
8565
8565
8565
8659
8565
8565
8580
8611
8580
8549
8549
8564
8720
8564
8549
8549
8533
8533
8533
8674
8518
8518
8518
8534
8690
8705
8534
8549
8549
8658
8658
8721
8783
8721
8767
8892
8690
8767
8705
8907
8720
8721
8580
8596
8596
8596
8830
8596
8596
8596
8658
8783
8596
8596
8627
8720
8658
9079
8673
8783
8752
8814
8970
9921
8720
8751
8939
8767
8783
8752
8721
8846
8690
8768
8690
8768
8752
8798
8705
8768
8939
8752
8752
8798
8736
8752
8830
8736
8861
8892
8751
8845
8861
9329
8893
8908
8892
8908
9251
8892
8877
8861
8892
8986
8908
8799
8799
8892
8986
8814
8814
8814
8970
8814
8985
8814
8877
8908
9049
8923
8861
8970
8986
8939
8876
9017
9063
8970
8893
8955
9017
8892
8939
9002
9017
9001
8939
9033
8893
9002
8877
8892
9095
9048
9048
8892
8970
9033
9080
8985
8892
9017
8986
9127
8955
9126
9064
9001
9017
9095
9158
8924
9157
9126
9111
9064
9189
8986
9110
8908
8908
9111
98062
9188
9001
9360
9204
8939
9064
9329
9049
9142
9079
9002
8986
8970
8970
8986
8970
8955
8970
8955
8955
8954
8954
8970
8954
8954
8970
8939
8970
8939
8939
9079
9064
8955
9095
9127
8955
9142
9142
9095
8986
9157
9158
9002
9017
9032
9017
9001
9002
9423
9017
9033
9017
9017
9002
9002
9002
9002
9002
9002
9002
9002
9080
8986
9235
9189
9189
9205
9126
9157
9173
9079
9157
9189
9189
9141
9189
9205
9188
9235
9236
9158
9220
9236
9656
9204
9235
9282
10514
9329
9220
9282
9219
9126
9219
9266
9297
9220
9236
9314
9236
9298
9142
9407
9297
98124
9313
9329
9267
9298
9235
9298
9345
9267
9204
9251
9251
9298
9422
9407
9251
9313
9282
9251
9251
9235
9298
9251
9282
9235
9297
10639
9407
9189
9360
9189
9282
9392
9314
9266
9298
9422
9251
9344
9345
9345
61028
9236
9345
9298
9345
9329
9407
9454
9344
9204
9547
9188
9516
9407
9329
9454
9469
9204
9469
9735
9313
9469
9313
9501
9329
9454
9423
9438
9438
9438
9360
9282
9656
9547
9578
9438
9329
9376
9407
9391
9454
9423
9438
9485
9438
9439
9423
9517
9329
9376
9360
9376
9360
9375
9531
9391
9439
9439
9392
9454
9422
9563
9438
9485
9407
9422
9391
9454
9548
9376
9470
9469
9532
9438
9532
9485
9735
9470
9423
9719
9500
9516
10015
9516
9439
9548
9438
9500
9500
9532
9500
9594
9516
9485
9563
9610
9594
9704
9516
9578
9688
9672
9672
9609
9750
9641
9532
9625
9672
9641
9563
9641
9781
9563
9750
9719
9625
9719
9687
9735
9641
9735
9688
9922
9704
9688
9750
9797
9735
9797
9797
9766
9782
9704
9875
9734
9703
9782
9797
9766
9672
9625
9797
9703
9673
9766
9735
10047
9844
9860
9719
9890
9812
9672
9813
9688
9766
9782
9641
9750
9766
9688
9797
9844
10031
9766
9766
9719
9704
9860
9828
9719
9890
9891
9969
9891
9751
9859
9906
9860
10062
9782
10046
10077
10031
9890
9781
9828
9859
9875
9875
9844
9828
9828
9875
10140
9953
9843
10202
10047
9937
9890
9906
9938
9953
9906
10016
9797
10171
9984
9813
9813
9969
10016
9953
9922
9875
9953
9890
10031
9999
9984
10327
9969
10000
9922
9968
9906
10031
9782
9937
9937
9875
9985
10062
9906
10109
10000
10265
9907
11404
10093
10343
9890
9984
10156
10124
10031
9984
10047
10109
9968
10047
10031
10406
10233
11388
9969
9828
10000
10000
9937
9937
9937
9922
10016
10234
11466
9984
9984
10047
10047
10063
9813
9812
9953
10031
9952
9874
9999
9813
10124
10000
10140
10233
9812
9813
10015
9906
9890
10031
10000
10047
10047
10047
10311
11481
10031
10374
10046
10062
10124
10047
10171
10015
10155
9937
9953
10031
10140
9859
10108
9953
10140
9921
10171
9938
10015
9984
10140
10405
10250
10046
10046
10171
10031
10156
9953
11918
9969
10078
10093
10249
10047
10030
10015
10218
10156
10156
11903
60061
30935
9999
9454
60060
9594
9501
9562
9423
9360
9610
9329
9578
30857
9657
9454
9345
9610
9376
9516
9610
9297
9625
9516
60091
9500
9438
9563
9453
9687
9485
9298
9329
9594
9766
9313
9360
9438
9719
9375
9453
9438
9906
9391
9423
9407
9407
9438
9438
9235
9423
9376
9406
10124
9360
9422
9189
9438
9422
9298
9392
9453
9157
9859
9157
9500
9360
9220
9500
9407
9282
9250
9500
9250
9251
9438
9594
9501
9266
9235
9329
9423
9548
9251
9220
9313
9906
9392
9422
9391
9453
9235
9204
9532
9469
9438
9438
9219
9360
18767
9469
9376
9391
9406
9391
9064
9329
9454
9141
9438
9079
9313
9048
9033
9032
9157
9360
9345
9001
9204
9469
9204
9048
9063
8954
9376
9314
9173
9516
9376
9313
9282
9235
9360
9391
9048
9251
9095
9017
9079
9219
9095
9173
9297
9063
9250
9048
9890
9282
9360
9126
9188
8954
9157
9345
9267
9235
9064
9251
9297
9032
9266
9095
9282
9282
9017
9235
9111
9219
9141
9063
9095
9282
9298
9360
9360
9111
9001
9110
9563
9189
9063
9204
8705
8627
9110
8798
8798
9407
8877
9267
9188
9219
8892
8720
8720
9110
9095
9157
8970
8751
9064
8783
8627
8720
9001
8939
8908
8892
9329
9344
8876
8595
8611
9001
8892
8938
8455
9048
8877
8643
8534
8861
8985
9578
11481
8642
8814
8814
8954
8705
9079
8658
9547
8533
8814
8736
8565
8799
8876
9032
8782
9001
8783
8549
8580
8939
9126
8752
8534
8892
8861
8596
8580
8487
8642
8548
8860
8517
8674
8642
8877
8658
8268
8674
98702
8580
8361
8923
8720
9094
8517
8346
8611
8533
8502
8768
8362
8892
8767
8377
8580
8704
8611
8611
8362
8518
8393
8565
8424
8377
8861
8611
8393
8471
8393
8237
8346
11310
8440
8236
8424
8471
8299
11466
8331
8253
8268
8439
8315
8502
8253
8408
8439
8470
8470
8471
8159
8362
8315
8315
8221
8253
8643
8315
8642
8314
8283
8284
8440
8611
8299
8486
8237
8517
8003
8565
8331
7987
8409
8253
8206
8611
8299
7972
8393
8330
7972
7972
8549
8424
8409
8393
8393
8268
8034
8003
8362
8705
8720
8361
8127
8439
8502
8268
8362
8315
8159
8128
8253
7769
8502
8393
8330
8190
8096
8393
8268
8159
8315
8470
8065
8127
8112
8299
8611
8268
8221
11357
8066
8300
8252
8564
8221
8252
8128
8330
8626
8720
8548
8424
8222
8019
8175
8159
7676
8751
7769
7644
7644
8097
8330
7706
8439
8736
8314
7894
8237
8143
7988
8034
8268
8361
7847
8253
19515
7831
7644
7753
8252
8206
7863
7488
8268
7894
7581
7816
7878
7769
7690
7971
7722
7893
7784
7660
7738
8237
8159
7925
7784
7706
7410
7550
7878
7847
7425
7815
7909
7846
7878
7753
7566
7972
7754
7644
7769
7925
7613
8970
7707
7722
7519
7378
7644
7504
7675
7550
7519
7972
7613
9079
7675
7675
7613
7753
7597
7597
7598
7769
7488
7520
7691
8190
7629
8174
7691
7551
7488
7425
7473
7519
7472
7379
7831
7534
8533
7566
7285
7519
7223
7800
7300
8596
6505
7425
7535
8564
7441
7816
7504
7893
7207
6599
7254
5117
5304
5148
5195
5070
5054
5226
5179
10561
5351
5288
5179
5288
5272
5304
5273
10218
30810
5272
5086
5289
5320
5085
5398
5414
5273
5180
5367
5491
5007
5382
5335
5366
5429
5273
5350
5054
5584
5507
5476
5133
5007
5179
5304
5101
30763
5241
5116
5195
4992
5054
5038
5132
5086
5024
5258
9750
4883
5055
5226
5054
5506
5179
5180
4992
5258
5179
5070
5132
5226
5054
5273
5788
4789
5148
5180
5351
5023
4945
4976
5179
5132
4805
4961
4602
4602
4820
5101
4930
5055
5086
5179
5101
4914
4399
5194
5054
4898
5054
4711
5881
5102
4914
5445
4821
4930
4462
4852
5039
4977
4867
5070
5101
4587
5023
5366
4664
4929
4321
4914
5897
4945
4602
4821
4727
4633
4789
5038
4992
4602
4461
5164
5164
4337
4462
4743
5289
4196
4883
4883
4774
4836
4415
4539
4960
4383
4696
4883
4275
4883
4634
4571
4992
4430
4555
4290
4446
4509
4602
4867
4633
4524
4431
4602
4477
4945
5070
4524
4524
4509
4353
4400
4524
4524
4227
4883
4430
4446
4446
4571
4368
4571
5117
4368
4477
4400
4166
4322
4321
4321
4368
5273
4197
4602
4196
4119
4586
4305
4430
4446
4119
4071
4446
4399
4415
4322
4509
4103
4384
4446
4571
4165
4539
4415
4383
4087
4399
4087
4477
4867
4492
4399
4430
4306
4430
4243
4228
4212
4322
4306
3931
4633
4368
4274
3900
3885
4337
4243
3884
4336
4383
4477
4212
4462
4352
4337
4181
4166
4212
4384
3885
4400
4196
4352
4337
4446
4259
4259
4212
4228
4430
4290
4243
4477
4524
3822
4196
4181
4087
4321
4400
4540
3994
3993
4212
4071
4665
4259
3978
4431
4290
3806
4680
4290
4072
4602
4446
3791
3822
4836
4243
4633
4056
3947
4041
4009
4024
3790
4024
4103
3853
4088
3854
4010
3807
4275
4618
4478
3962
3978
3978
4165
4041
4056
4102
3884
4180
3978
4040
3946
3900
4040
4072
4087
4696
3900
3963
4119
3807
3854
4072
4446
4274
4087
3900
4025
4009
4571
3916
4025
4945
5055
3993
3978
4024
3790
3900
4212
4087
4056
4088
3900
4118
4649
3963
4009
3978
3791
3900
4009
4009
3790
4555
3947
3791
4181
3884
3869
4930
4025
4072
4025
7316
4118
3993
4103
4040
4181
3885
4103
3963
4353
4196
3900
4446
3978
4041
4337
4025
3947
3884
4071
4025
4009
3993
4009
3837
3791
4025
4041
4010
4166
4166
3884
7332
4025
4197
4197
4165
4041
4368
4072
4228
99014
4009
3946
3838
3978
4010
4322
3947
4056
4181
4009
4446
3978
3946
4056
3978
4010
3994
4103
4337
4009
4056
3978
4009
3994
4025
4197
3978
3978
4134
4103
4056
4009
4196
4103
4056
4227
4040
4040
4009
4353
3978
4056
4321
4134
4166
4087
4165
3853
4009
4197
4103
4040
4056
4196
3806
3962
4103
4228
4088
4196
6942
4181
3947
3869
4165
4134
4322
4087
4087
3932
4119
3869
3900
4196
4087
4196
4056
3916
4384
4446
4009
4166
3947
3994
3932
3963
3978
4509
7020
4072
4165
4181
4477
4056
4196
3837
3994
4571
4009
4165
4056
4041
3713
4056
31840
4274
3775
3946
6350
3884
3947
3931
4134
31887
3963
4134
3868
4072
3884
3963
4088
3932
3963
4072
3915
4056
3900
3916
4322
3884
3869
3946
3916
4010
4305
3993
3978
3884
3932
3932
3994
3869
4071
3963
25443
4024
4041
3993
3869
4009
3854
32229
3822
4118
3947
3807
4009
3885
3978
3916
3994
4119
3963
3885
3791
4150
4150
4056
4088
3978
3916
3978
4088
3791
4228
3900
3946
3884
3900
3853
3947
4150
3885
4196
4025
4134
3931
3994
3978
6334
4040
3900
4150
3932
4025
4368
4119
4165
3978
4149
4024
3962
4368
3994
4025
4025
3947
4009
3978
5085
3978
4040
4025
4056
4040
4087
4149
4118
4087
4118
4103
4009
3993
4118
4118
4134
4165
4088
3978
4181
4150
4196
4306
4321
4134
4196
4134
3978
4134
4212
4166
4181
4118
4150
4290
4321
4103
4197
4056
4102
3978
3884
4196
4056
4166
4166
4197
3791
4181
4134
4134
3837
4165
3962
4322
4181
4197
3837
4212
4025
3916
4290
4337
3931
4258
3868
4196
3900
4180
4149
4024
4258
4228
4196
4196
3838
4119
4259
3993
4087
4165
4196
4056
4290
4150
4290
4383
4071
4165
3900
4180
3900
3947
3947
3947
4119
4103
4337
4134
3994
3947
4119
4165
4103
3994
3978
3946
4415
4290
3994
3962
3962
4040
4446
3916
3884
3947
4010
3947
3947
4103
3932
3947
4056
3978
4571
3963
4041
3963
3947
4243
4025
4025
3884
4508
4103
3900
4118
3963
3978
4056
3978
3837
3900
4025
3838
3822
98467
4118
4056
3822
3962
3978
4181
4056
3994
4056
3962
4071
4103
3978
4212
4025
4040
4290
4056
4103
4353
3900
3978
3838
3853
4056
4087
4025
3947
3962
4071
3962
4009
4056
4134
4103
4009
3853
4040
4056
3962
4087
4056
4025
3932
3900
4150
4088
3978
4056
3853
4150
4243
3838
3853
3962
4056
3994
4259
8128
3838
3963
4165
3978
3947
4087
4227
4025
4087
4025
4102
3931
4102
3993
4056
4134
4134
3916
4306
3947
4088
4025
4071
4040
3978
4056
4165
4150
4087
3916
4118
4165
4009
3978
4150
4118
4384
4103
4431
4196
4103
3993
4025
4118
4009
4087
4041
4165
4134
3993
4165
3993
3946
4134
4025
4056
3962
4072
4025
4071
4087
4118
4087
4056
4056
4181
4025
4118
4071
4290
4321
4010
3947
4087
4134
3978
4087
4134
4102
4102
3962
4103
4119
4337
4056
4275
4150
4103
4040
4461
4197
4134
4196
4228
4087
4180
4040
4087
3884
4196
4181
4119
4088
4196
4040
3869
4103
4212
4212
4150
4197
4259
3837
4258
4165
4103
3932
4165
4134
4009
4274
4383
4290
3931
4180
4165
4570
4165
3853
98249
3994
4072
4181
4181
4181
4166
3931
3962
3947
4197
3869
3869
3978
4149
4383
3884
3962
4352
4087
4103
4181
4415
4134
4009
4040
4087
4321
4150
3994
4040
4181
4321
4056
4009
4321
3978
4118
4571
4056
4009
4181
4165
4025
3900
4071
4087
3963
4103
4103
4368
4009
4102
4087
4181
3947
6303
3994
4259
3962
98047
4259
4290
4025
4134
3916
4290
4009
4025
4290
4150
4149
4212
4212
4040
4539
4072
4258
4056
4462
4244
4430
3946
4274
3947
97719
4025
3963
4118
4166
6271
4009
4165
3993
4024
4040
4009
4056
4134
4072
4134
4149
3947
3978
4150
3978
4149
3978
4103
3946
4072
3962
3994
4243
4150
4259
4134
4103
4243
4009
4134
4305
4212
4228
4088
3962
4056
3993
3993
4040
4009
3963
4056
4056
4071
4024
4040
4368
4072
4493
4134
4102
6255
4102
6069
4071
4087
4196
4118
4181
4056
96845
4056
4025
3978
4181
4243
4258
4305
4072
4243
4181
4244
4118
4212
4243
4118
4087
4415
4258
4134
4274
4196
4087
6599
4228
4243
3947
4118
4259
4103
4258
4040
3900
4197
4337
4290
4009
3900
3900
4165
4337
3853
4243
4118
4165
3916
4150
4228
4041
4196
4103
4056
4040
4197
4118
4212
4274
4072
4322
4071
3885
4197
4041
4040
4071
4134
4102
3884
4118
4118
4103
4103
3962
3978
4119
4009
4134
4102
4149
4134
4102
3993
4134
4212
4009
4493
4337
4087
4010
4228
4025
4025
4305
4118
4103
4150
3994
3946
4056
4180
4072
6521
4633
4072
4274
3900
4025
4103
4071
3931
3931
4087
3931
4041
3993
4134
4024
4196
4103
4118
4212
4103
4134
4103
4056
3885
4119
4134
4118
4290
4150
4212
4244
3916
4134
4071
4071
4165
4025
4228
4056
4165
4134
4024
4180
4352
4009
4227
3884
4134
4196
4134
4040
4134
4212
4150
3947
4165
4071
4056
4009
4165
4149
4134
4024
3978
4118
4025
4025
4119
4353
3932
4212
3963
4165
4165
4118
4227
4243
4165
4165
4103
4072
4119
4119
4227
4227
4243
4025
4025
4040
4306
4150
4056
4228
4010
4103
4149
4040
4056
4009
4040
4103
4165
4134
4384
4259
4103
4259
4150
4103
4119
4118
4087
4134
4259
4524
4119
4259
4196
4165
4462
6006
4258
4165
4087
4259
4181
4165
4134
4196
4258
4181
4244
4290
4166
4056
4368
4071
4696
4305
4305
4118
4196
4665
4196
4337
4259
4181
4228
4275
4352
4024
4352
4134
4243
4212
4337
4337
4353
4181
4322
4274
4040
4212
6271
4321
4305
4150
4399
4275
4212
4134
4196
4040
4305
4180
4305
4305
4384
4228
4259
4477
4275
4197
4212
4352
4383
4290
4259
4212
4212
4150
4259
4602
4399
4290
4414
4274
4352
4259
3978
4306
4477
4337
4275
4306
4150
4181
3962
4399
4259
4477
3963
4009
4258
4306
4009
4181
3962
4071
4103
4009
4259
4274
4446
3963
4119
4290
4462
4212
4306
4352
3978
4290
4088
4103
4166
4290
4212
4196
4555
4150
4181
4040
4119
4056
4149
4275
4071
4180
4227
4555
4181
4352
4384
4275
4149
4181
4212
4197
4290
4321
4867
4212
4149
4180
5382
4087
4134
4446
4275
4509
4227
4041
4243
4539
4119
6100
4337
4275
4290
4290
4165
4305
4056
4274
4243
4524
4275
4274
4243
4321
4197
4290
4352
4321
4352
4274
4274
4415
4493
4384
4181
4415
4243
4368
4290
4462
4555
4259
4290
4617
4102
4321
4134
4275
4275
4275
4352
4149
4009
4150
4274
4212
4336
4274
4368
4227
3993
4399
4321
4508
4306
4461
4228
4337
4368
4696
4368
4477
4368
4212
4244
4384
4118
4352
4165
4867
4165
4227
4259
4181
3838
4228
3978
4306
4072
4041
4321
6833
4181
4056
4025
4040
4150
4430
4040
4228
4212
4025
4649
4103
4618
4072
4056
4103
36332
4306
36411
36379
4181
36411
6131
36426
4041
36411
4010
4633
36427
4103
3978
4119
6131
4009
4025
36411
4134
3916
4212
36536
4244
4166
4337
4306
4010
4118
4337
4306
4010
4072
4181
36614
14165
4259
4462
4088
4228
4181
4040
4306
4150
4040
4056
4072
36801
4306
36629
4274
4165
4306
4430
4056
4025
4274
4009
4087
3978
4212
4306
4243
4135
4150
4072
4213
3916
4119
4025
4181
4119
4010
4665
36754
4244
4135
4088
4181
36848
4103
4181
4103
4165
4306
4212
4165
3916
3916
4134
3916
4041
4166
36817
4196
4103
36801
4181
4072
6630
4166
36801
4025
3994
4056
4259
4150
36832
4212
4212
4025
4165
4134
4041
4587
4228
4197
4243
4041
4072
4165
4462
4197
4087
4087
4072
4244
4087
4150
4009
4056
36957
3963
4088
4072
4322
4196
4103
4103
4134
4119
3916
4291
4010
4259
3979
4118
4165
4040
4119
4430
4087
4259
4103
4181
4197
4119
4010
4166
4166
4134
4181
4150
3994
4072
4181
37129
4181
4134
37159
4103
4071
4181
4009
4009
4181
4025
4524
4212
37175
4072
4306
4150
4602
4149
4243
4305
4212
4041
4556
37176
4072
37191
37207
4181
4306
4025
4196
4509
4134
4181
4165
4119
4259
4197
4228
37284
37347
4337
4212
37284
4228
4197
4197
4275
4197
4165
4197
37284
4181
7645
4400
4135
4118
4399
37284
4088
4134
4243
4087
4275
4165
4259
4087
4228
4243
4337
4009
37378
4103
4306
4243
4290
37316
4228
4134
4275
37362
4368
4041
37472
4212
4228
4119
4228
4244
4087
4462
3776
4290
3900
4306
4275
37503
3854
4087
4524
4041
37425
4103
4322
4244
4072
4321
3806
4337
4274
4306
8705
4274
4290
4212
4322
4275
3916
4274
4227
4384
4353
4259
3900
4275
4244
4415
3963
3884
4071
4383
4305
3915
3869
4196
3962
4477
4446
4337
4493
4010
4103
3994
4508
4118
4118
4430
3932
4056
4166
4088
4696
37565
4056
4227
3962
3993
3978
4040
4071
4087
4056
4040
4118
4321
3915
3979
4135
37627
4072
4041
4508
4071
3993
4056
37705
4134
4134
4087
37690
4119
3885
3962
37690
37690
4056
4025
4852
4010
4041
6303
4680
37784
4072
37799
4290
37737
37799
3932
4103
4305
37799
4243
4368
37784
3979
4322
4087
3994
3994
37862
3993
4447
3994
37846
4196
37862
3947
3993
3947
3947
4212
37862
37956
4056
37831
3931
4071
38189
37986
37940
37970
4306
4415
4243
38018
3823
38017
38064
38065
3791
4009
4150
38205
3791
3947
38127
4181
38174
38158
38127
4275
3932
3901
4072
38189
4071
4446
8237
38158
38283
38236
38268
38267
4072
38236
38299
38251
4103
38236
38251
38439
38423
3775
4150
38314
38502
38439
6163
38345
38439
4041
38750
3869
38470
38564
3853
38501
38517
38595
38595
38626
38610
4025
38486
3776
38548
38595
3744
38610
3869
3822
3635
38626
38642
3962
4025
4009
3931
38736
38658
3869
38829
38875
4024
38626
3666
3744
38969
3869
3760
38798
3728
38782
38829
3947
3744
38767
3744
3650
38938
4462
38844
38907
4384
3525
3760
38907
38906
38844
3853
38923
3822
38938
4056
3557
39000
38984
3557
39078
39047
3884
3759
39078
39031
3697
4196
3650
3728
39406
39172
39125
39000
39047
3666
39032
39094
3666
3572
3557
39156
3853
3697
3869
3838
3869
3760
3759
39265
3978
3838
3760
3650
3822
3666
3837
39250
3682
3635
3822
3557
3853
3869
3744
3947
3962
39140
3525
3822
3759
39125
3838
3682
3604
3698
3620
39188
39297
3837
3651
3822
3682
39297
3448
3604
3775
3775
3682
39188
3744
3744
3791
3463
39359
3588
39281
39328
3588
3666
39359
3666
39344
3401
3573
3604
3963
39328
3681
39265
3885
39266
3354
39250
3791
3744
3463
3525
3884
3182
39266
3838
3650
4088
3854
3651
3838
39282
3869
3807
39359
39281
3588
39328
3635
3525
3681
39312
3634
39374
3416
39453
3354
3698
39282
3089
3542
39172
3510
39312
3495
39406
3728
3556
3510
3697
3634
3650
3775
3635
39437
3308
3339
3542
3167
3635
3728
39312
3136
39250
3292
3276
3510
3213
3338
3323
3245
39360
3448
39359
39328
39343
3291
3931
3260
39281
3838
3776
3603
39437
3573
3261
3322
39531
3869
39500
3260
39360
3448
3401
3167
39453
39406
3369
39484
39468
39484
39531
3416
2964
3339
3588
3448
39515
2761
4010
2714
3089
2777
3478
3322
2823
3494
2636
3338
39531
39562
3479
2980
2808
3151
3463
3198
3198
3011
3308
2980
2917
39531
2854
2792
2870
2933
39640
2808
2746
3354
2730
2559
39718
2901
2948
3042
39686
39734
2824
2746
39640
2902
2714
39703
2745
3697
2667
2465
2589
3104
3448
2574
2761
41029
39608
2402
2371
39655
3510
2449
2761
2777
39796
2995
39640
3198
2792
39843
2496
2621
2543
39858
2574
2730
2714
39749
2777
39656
2636
2574
2542
2683
2652
2450
2761
2621
2964
2168
39718
2465
2340
2730
2652
39750
2294
2699
2356
2605
40170
39874
2714
2496
2184
2278
39889
2512
2293
42526
39858
2699
2449
39936
2434
39843
2465
39874
2387
2559
2403
2480
5912
2402
39983
39780
5726
2372
2247
39765
2824
39890
39983
2543
1997
2325
39796
39967
40045
39921
40046
2527
39812
2215
2402
2137
2246
39874
2995
39859
40140
2216
2231
39858
2215
2184
2309
2293
2325
2246
2340
2012
6442
2199
2090
2433
2075
2013
2247
40140
2013
2153
40092
2152
2028
2511
2293
39906
2153
2309
41215
2231
40061
2247
40217
2387
2059
39858
2012
40014
2387
40108
40014
40046
2356
2481
2247
2262
2278
2169
2122
2075
2215
2246
39827
2215
2137
39812
2153
2262
2262
2074
40045
2215
2246
2184
2246
2168
40030
2184
2153
2090
2168
40061
39827
39999
2340
2247
2309
2387
2184
2277
2152
2230
2698
2745
2184
2138
2262
2200
39921
2121
40139
2215
2215
39952
39999
2418
2184
2215
2278
2230
2262
2277
2199
40077
2215
2122
2309
40077
2262
2199
2231
2231
40030
2324
39874
2293
2184
5756
40046
40062
2278
39827
40014
39890
2184
2325
2340
2308
2199
2106
2277
2355
40045
40092
2184
2262
2075
2060
2340
2340
2402
40092
40045
2558
2371
39936
39936
2215
40436
2481
2215
2121
39983
2402
40045
2324
2372
2356
2387
39968
2262
2075
2324
2387
2246
2340
39796
2293
2356
2371
40077
2480
39983
2293
2340
2434
2371
2278
39952
2449
2137
40045
40076
40076
2464
2340
2122
2340
2293
2309
39968
2231
2590
2262
39874
2559
2480
39780
2215
2199
39905
39905
2434
39921
39811
39936
2309
2636
2293
2278
40046
2278
2433
40014
2309
40014
39827
2184
2574
2340
39952
2231
2293
2402
2511
2215
39952
2371
2246
2418
2481
2262
2511
2496
4883
2902
40092
2496
2465
2434
2433
40092
2434
2450
2434
2356
40076
40061
2262
2418
2262
40076
2402
2355
2324
2402
39983
2371
2356
2340
40061
40342
2372
2511
2543
2355
40030
2371
2464
2590
40092
40030
40061
40077
2496
2418
2465
40108
40155
2418
2402
2402
2402
40014
2402
41918
12309
2434
40139
2325
2496
2480
40186
3152
2465
40014
39936
2433
4555
2480
2527
2558
2543
2714
39999
39999
40435
2403
40155
40123
39983
39999
39936
40107
2605
40061
39889
2543
40249
2761
2637
40123
40232
40014
39905
2589
40030
2512
2606
2496
2387
2621
40045
2387
40030
40076
2511
40139
39967
40139
2527
2637
2684
2528
40030
39968
2465
2543
2637
40171
39967
40045
40030
2511
2387
40139
2636
2637
2886
39968
2871
2605
39951
40170
40170
2481
2496
40046
2340
40201
2823
2777
2527
2512
40295
2527
40108
40061
2621
2668
40093
40124
2543
2621
2527
2511
2402
2543
2683
2605
40107
40092
2480
40123
2512
2465
2543
2465
2684
39952
40529
2715
2605
2589
2667
40030
40170
40202
40093
2621
40170
40029
2511
40076
2621
2652
40077
40092
2543
2590
40092
40092
2948
40108
2621
2605
2574
2715
2574
40123
2621
2652
40108
2637
2823
40123
40045
40108
2620
2652
2527
2652
40123
2543
40248
2761
2636
2715
40046
2683
2698
2808
2636
40201
2668
2590
2668
2637
2652
2714
2574
2543
40108
2668
2559
2574
2558
40170
2668
2652
2512
40170
2605
2715
2698
2574
2652
2745
2667
2730
2512
2730
2543
2683
39999
2699
2543
2917
2746
2605
2715
40170
2620
2730
40107
40170
2870
40248
2839
39890
39983
2574
40093
40076
2745
2652
2745
40280
2652
2871
40264
2668
2620
2636
40248
40014
2870
40217
2840
40327
2777
2714
2870
39936
2637
40108
2808
2636
2683
2839
2761
2683
2762
2715
2777
2917
39967
2808
2792
2746
2761
2715
40171
40280
40077
2839
2808
2870
39998
2808
2761
41995
2746
40342
2839
2823
2745
2699
2714
2839
39999
40015
40061
2902
2824
3042
2886
2792
2855
2808
40061
2808
2730
40030
2730
40451
3042
2839
2855
2870
2793
39640
2793
2949
2808
2917
40326
40514
2824
40045
2761
2886
39671
2730
2870
3260
2995
2918
2933
2918
2871
2839
2730
2839
2871
2855
3088
2870
2933
39905
39609
2886
39905
42042
39921
2979
39827
3042
2854
3010
2933
2870
3026
39874
39671
2902
3027
2964
3089
2839
2871
2933
2870
2886
2886
2995
2948
2949
39874
2948
3089
3089
2949
3058
42027
2964
2980
39780
40233
39718
3011
2996
3011
2979
3042
3088
39765
3323
3230
3027
3042
40061
39827
39671
3089
39983
39671
3120
3057
39905
3105
39780
3120
39795
39921
3167
3182
3214
39624
3198
3198
39780
39671
3182
3245
3213
3261
39827
3229
3260
3323
39843
3261
3245
39812
3152
39515
3260
3292
3151
39483
3245
3260
3292
3354
3354
3152
3323
3308
3260
3354
39655
3323
3261
3245
3370
39827
39951
3182
3058
3292
39671
3291
39811
3401
3401
39577
3323
3416
3260
3073
3385
3089
3261
39717
3198
3276
39577
40217
3276
3308
3198
3354
3510
3370
39920
3042
3213
39484
3058
3401
3494
3525
39624
3338
3214
40077
3417
39687
39733
39811
39686
3307
3323
39624
3057
3073
3198
3073
3152
39734
3666
3354
3073
3198
3057
3276
3167
39686
39671
3322
3166
3526
39843
39562
3292
3385
3603
3260
3479
3619
3198
3198
39765
3385
3120
3260
39624
3276
39780
3229
3229
3292
3307
3230
39547
3604
39515
39858
3229
3807
39780
3292
39656
3322
40170
39624
3416
39609
39640
39718
39468
39328
3338
3354
3323
39359
3338
39702
3370
39484
39687
39921
39219
39703
39266
39656
3369
3369
39219
39375
3370
39328
39344
39858
3354
3400
39343
3401
3838
3401
3385
39765
3432
39328
3463
39421
39484
39827
3416
3400
3307
3572
3354
39531
3447
3495
39359
39561
39437
3416
3354
39359
39749
4727
3354
3557
3541
3541
3572
3557
39500
39453
39686
3713
3557
3463
3401
3478
3556
3416
3556
3744
3666
3495
3432
39515
3635
39374
3447
39499
3635
3635
39687
4945
39405
3510
40295
3416
3526
3510
3541
39546
39577
39203
39578
3635
3744
3494
3666
39281
39156
3479
39639
39327
3822
3666
3635
39453
39375
39250
39374
39437
39375
39312
3697
39296
3666
39296
3666
3776
3698
39515
3791
3838
39375
3697
3666
3666
5132
3588
39468
3666
39312
39406
3572
3682
39235
39219
39188
3666
3744
3697
39656
3619
41902
39281
3744
39717
3759
39234
3712
39249
39234
3572
3650
3604
3682
39390
39250
39235
39391
39391
39281
3869
3775
39296
3681
3697
3697
3713
39297
3697
3775
39297
39359
3697
3759
3791
39421
39203
39328
39577
39390
39296
3744
3775
39203
39468
3791
39312
39375
39390
39390
3822
39281
39343
3697
3775
3712
39483
39343
3822
39406
39421
39375
39484
39625
3619
3822
3822
3838
3760
3760
39281
3837
39468
39468
3806
39343
3884
39484
3838
39422
3619
3791
3713
3853
39531
3916
3916
3853
3790
39437
3931
39312
39437
39219
39562
3838
3682
3838
3838
39235
39593
3837
3853
39437
3822
38969
3993
3838
39375
3838
3853
39483
39499
40233
3806
3838
39172
3776
3759
4025
39140
39686
3837
39156
39218
4072
39312
3853
3853
39156
39141
39312
39312
39218
39312
39109
3853
3837
3853
3838
39375
39078
3884
39219
39094
39079
39359
39079
39484
46629
39187
39140
39078
39047
39421
39234
3806
39203
39079
3915
3869
39671
3869
5616
4009
3947
4087
39312
4072
3916
39188
39156
3947
3869
4290
3931
3978
3916
3994
3916
39016
3963
3947
39967
3915
3993
3915
39032
3978
39141
3994
39219
3916
4009
39000
3978
4228
39250
39203
39188
3932
3854
3822
39031
4134
39406
39141
3963
39187
3900
3962
39156
4306
4056
4399
39234
39001
39157
39187
39218
4009
4041
3994
3978
39141
4197
39265
4165
39249
3947
3978
39094
5351
39328
4025
39296
4134
3853
38953
39109
39047
39125
39234
4119
4212
38969
39110
38969
39093
39140
3900
4024
3993
39203
4181
39141
4087
39235
4056
39016
4041
39157
39234
39078
39281
3962
4056
4071
39063
39203
39093
38750
39218
39218
39140
4165
38953
4072
4009
3916
39187
39219
4181
4072
39266
4103
4040
4118
4009
4025
38797
4056
4165
3978
3947
38906
39265
39171
4040
39375
4009
39312
39156
4056
38891
38954
39172
38953
38969
4009
4025
39343
39187
4056
39203
38642
4118
4196
4056
4072
4134
4134
4243
4041
38626
4056
4056
4368
39452
4071
4072
4134
38876
4103
4041
4197
4212
4071
38657
39031
39296
4072
4165
39313
4149
4259
4165
38907
4072
38907
38860
38891
38438
38859
39531
38907
4165
38641
4134
38455
39001
38798
4197
38657
4181
4181
38626
4134
4103
39047
38922
38470
39250
4212
38673
38719
39047
38797
4180
38813
4181
4165
4415
38438
38782
39000
38704
4165
38735
4197
38844
38922
39188
39515
38735
41418
4259
38642
4337
38641
4353
38626
38470
38641
4446
38984
38423
38485
38969
38376
38751
38751
38689
38423
38688
38486
38532
38547
38657
38750
38454
38283
38563
4368
38501
38657
4400
38829
38704
4290
38657
38641
4415
39328
4353
41340
4368
38595
38579
38610
38345
4383
38751
5647
41356
4415
4446
38564
4337
38657
41449
4539
4305
4383
4337
38595
4306
38314
39858
38875
4430
4587
4431
4462
4384
38938
4446
4415
4446
4462
38719
4414
4524
4493
4493
39265
4461
4493
4524
4415
4477
4570
4430
4430
4508
4774
38626
4524
4539
4571
4571
38626
4602
4556
4540
4711
4649
4555
38454
4680
4664
38454
4540
4540
4571
4680
4649
4820
4492
4556
4478
4602
4508
4477
4493
4477
4477
4477
4461
4617
4399
4399
4493
38891
4430
38813
4540
4446
4571
4618
4649
4399
4742
4618
4400
4368
4461
4446
4727
4633
4617
4774
4821
37659
4571
4540
4461
4602
4961
4571
4492
4539
4587
4509
4726
4680
4649
4524
4680
4665
43805
41169
4852
4914
4836
4961
4976
4976
4914
4820
5007
5023
4867
4976
4883
4961
4914
5070
4899
4992
43759
5039
4977
4960
5304
4945
5086
4992
5086
5039
5148
40388
5272
5070
5211
5085
5116
5148
5116
5101
5101
5133
5382
5039
5460
5132
5273
5226
5148
5382
6521
5210
5289
5226
5257
6583
5444
5241
5382
5211
5741
5210
5772
5320
5320
5741
5367
5460
6599
5413
5397
5367
6692
6520
6459
17878
5647
35147
5428
5428
5850
7940
5429
5460
5320
35085
5413
5460
5475
5350
5429
5444
5367
5413
5523
5523
5538
5506
5476
5663
5413
5523
5616
5507
5538
6458
5569
5507
5600
5506
5553
5600
5491
5569
5569
5476
5569
5663
5616
5647
5523
5679
5882
5538
34835
5538
5632
5678
5756
5726
5757
5943
5678
5835
5787
5709
5678
5725
5710
5678
5850
5725
5803
5835
5772
5709
5866
5788
5866
5882
6022
5850
6053
5679
5787
5772
5678
5835
5803
5757
5943
5834
5818
5803
5959
6022
5694
5866
5975
5944
5913
5850
5881
5678
5726
5850
5741
6100
5928
5913
5772
5835
34086
5912
6256
5835
5913
5928
5928
5912
5975
5928
5928
5959
5944
5928
5928
5865
5990
5897
6038
5943
5943
5850
5897
5959
5865
5928
5990
6022
5943
5928
5928
6225
5944
5788
5991
6037
6022
6099
6115
5990
6037
6053
5897
6084
6053
5943
6037
6053
6147
5959
5788
6053
6021
6021
5881
6006
5881
5943
6022
5991
33775
5772
5990
5913
5991
5991
5928
6084
5975
6099
6147
5881
6240
6053
5865
6037
5990
5990
6178
5882
6021
6022
6069
7550
5897
6068
6022
6209
5866
6069
5990
6006
6115
6131
6099
6271
5959
6022
6006
6100
6084
6147
6130
6178
6053
6209
5991
6146
6177
6084
6131
6302
6115
6006
6193
6380
6178
6287
6084
6209
6224
6209
6209
6162
6131
6209
6427
6303
6240
6115
6224
6209
6146
6162
6147
6147
6131
6147
6162
6490
6193
6505
6318
6084
6162
6333
6224
6068
6537
6318
6240
6162
6162
6146
6193
6208
6271
6443
6396
6193
6303
6396
6302
6193
6614
6318
6411
6272
6303
6318
6272
6272
6411
6349
6286
6396
6521
6458
6208
6396
6318
6443
6396
6380
6536
6365
6365
6396
6583
6537
6380
6287
6552
6162
6817
6724
6303
6489
6380
6240
6630
6708
6770
6490
6490
6240
6053
5943
5975
6412
5960
6708
6193
6068
6037
5835
5975
6833
5928
6193
6240
5819
6225
5429
6256
8408
6334
6256
6147
6537
5584
5554
5663
6521
6521
5632
6240
6318
5757
5725
5522
5398
5757
5554
5788
5304
5179
5865
5788
5819
5663
5366
5382
5414
5850
5429
5085
4945
5273
5335
5319
5647
5366
4992
5398
5211
8143
5242
5148
5336
5086
5242
4929
5226
5008
5304
5445
5226
5351
5116
5086
5039
5070
5242
5117
4945
5039
5133
5428
4820
5054
5335
4477
4945
5070
4883
5350
5210
4836
4399
4805
4805
5039
4415
4618
4477
4930
4400
4727
4883
4430
33868
5678
4617
4649
4618
5507
4571
4633
4555
4945
4789
4649
4602
4617
4851
4618
5023
4617
5319
4976
2122
1997
33868
18860
33930
33884
13822
10764
67236
68765
33571
69437
70029
70075
69935
70107
69888
69920
140
63
110
70091
70076
172
70045
78
141
69967
69920
70013
70060
69997
69982
171
69888
203
78
70075
171
70029
69997
69982
109
70028
69872
202
70153
69982
70029
70185
218
70076
234
234
280
70060
265
250
70060
234
234
70044
234
203
47
265
219
70045
70075
265
249
70169
250
265
63
69920
359
359
234
125
70091
343
343
140
140
125
94
70060
70123
70045
125
187
69997
78
203
172
70045
172
265
327
70153
94
187
94
125
250
70169
156
172
172
70107
234
109
70013
390
69998
187
124
156
69936
249
468
69919
265
70107
374
140
69904
69935
250
234
250
219
70341
280
234
312
734
70029
281
312
436
327
358
390
593
375
390
70076
70091
390
70060
437
406
421
436
452
69935
468
484
69982
69873
515
484
70201
483
69857
530
1029
70200
69904
562
530
531
70107
70434
593
70013
69982
70060
562
69982
69919
375
515
69857
69998
577
406
671
593
624
624
70091
343
640
640
640
453
358
639
70076
530
655
69826
70513
639
577
530
69998
515
69951
484
764
437
562
827
69638
499
702
374
452
468
69702
69795
344
500
468
390
265
452
437
577
69904
70169
483
608
374
69872
70138
468
405
717
69794
905
500
375
578
359
812
702
500
69717
515
390
69639
967
281
453
281
358
811
561
530
796
359
69764
344
69780
390
69763
390
468
69670
452
1155
453
452
624
69795
69811
624
69748
359
468
344
69654
530
390
546
453
749
69545
69763
436
69779
514
70060
69780
437
468
421
483
483
69686
69795
655
530
69779
624
483
889
624
69624
422
437
70029
514
69607
530
671
69670
546
69717
561
499
561
593
531
577
514
577
562
69779
577
640
578
593
69576
593
69716
655
624
671
69592
69764
624
624
671
655
69545
69779
670
1872
655
69748
70981
656
69795
69764
1545
655
639
639
69873
69811
702
69779
69592
69638
717
842
811
702
702
718
69779
69655
69577
687
671
609
686
733
624
69607
69857
874
69561
69530
670
826
826
69576
718
70138
69686
70388
69529
718
71932
826
812
69685
69670
69483
671
69592
952
749
687
69639
827
69468
734
811
733
1326
796
69982
687
733
811
717
69389
764
69701
69686
69670
843
1014
702
780
873
69701
873
951
69530
718
843
967
827
951
749
889
749
69452
1185
717
702
749
812
718
1123
69655
858
904
1014
69529
952
842
671
811
69795
999
796
952
811
796
843
982
1123
671
1155
717
873
1139
827
843
874
69826
1077
733
936
702
764
874
858
921
749
1030
780
811
983
811
748
780
858
873
920
780
920
827
874
1077
874
827
936
811
827
921
982
842
874
811
1030
936
1170
921
873
70091
1029
967
2574
982
983
999
998
983
983
1045
983
33603
1046
999
1030
968
1139
1185
1216
967
1185
998
967
905
2496
951
982
1061
1217
999
1217
1155
1606
982
983
2075
952
1123
1763
1061
999
1092
2402
1076
1077
1123
1201
1154
1076
1294
1108
952
1014
1014
983
999
1108
1155
1092
1107
2558
1264
999
1045
1029
1092
1045
1497
1139
2387
998
1076
998
999
1123
1185
1014
1046
968
936
1107
952
1061
1060
1170
952
952
1170
1482
1482
1295
967
1248
967
1139
1092
936
1045
1185
936
998
1669
1092
1170
1092
983
1092
1092
1076
1232
1154
1139
1124
1529
1076
1014
1248
967
1077
1029
1108
1108
1092
1030
1217
890
1217
1029
1107
1076
1341
1139
1045
1030
1248
1123
1014
1170
1155
1123
1014
1404
1186
1139
1139
952
889
1404
1014
1498
1576
1108
1030
1030
921
889
2823
1014
1201
967
1294
1092
998
952
952
968
983
1061
1435
1107
1123
1076
998
1030
968
1248
1170
1014
1108
1045
967
71605
999
1029
1155
1061
1061
1061
1046
1046
1108
1357
1061
1154
1014
1060
1060
1138
1232
1185
1123
1076
1139
1185
1139
1154
1107
1029
1123
1201
1092
1060
1201
1248
1404
1170
1108
1233
1279
1107
1248
1061
1108
1092
1217
1280
1233
1170
1233
1123
1092
1108
1092
1279
1107
1092
1092
1233
1404
1217
1092
1076
1373
1123
1233
1341
1060
1154
1077
1436
1295
1295
1076
1310
1279
1233
1186
1108
1155
1248
2964
1622
1154
1326
1123
1154
1326
1139
1295
1373
1357
1778
1404
1170
1123
1107
1154
1201
1216
1232
1154
1186
1092
1373
1108
1248
1279
1248
1435
1232
1201
1279
1139
1201
1092
1232
1373
1700
1170
1482
1357
1279
1498
1326
1419
1248
1310
1279
1076
1092
1202
1139
1295
1123
1560
1373
1389
1310
1357
1295
1108
1326
1357
1139
1357
1654
34335
34367
1076
1295
1201
1498
1170
34398
1232
34382
1669
34429
1217
1295
1186
34351
34351
1139
34398
34398
1092
1201
1248
1201
34430
1123
34336
1201
34429
1388
1232
1295
34414
34492
1170
1217
1357
1357
34492
1186
34491
34491
34492
1264
1233
1295
1248
1233
34367
1295
1295
34320
1295
34477
1124
34507
1295
1264
1139
1233
1045
1201
34508
1138
1123
34289
34382
34367
34382
1108
1123
1248
1170
1123
1170
1201
34445
1202
34367
34523
1295
1232
34726
34398
1123
1139
34663
34523
1092
1248
34539
1217
1311
1263
34460
1201
1045
4774
1233
1154
1092
34492
1186
1076
1107
1139
34508
34382
1654
1123
1123
1436
1139
1139
1139
1216
1529
1201
1170
1186
1482
1139
1310
1279
1294
1201
1232
1248
1233
1311
1389
1310
1248
34554
34632
34632
1310
1451
1342
34570
1311
1279
1326
34616
1373
1373
1372
3416
1545
1685
3057
3260
3463
36769
5320
13166
99809
63
187
343
78
109
99700
219
234
358
219
327
99451
281
187
624
328
31
31137
234
172
234
281
312
203
2293
109
889
218
405
281
188
172
234
234
109
46
47
390
47
47
281
312
577
187
468
141
421
172
93
110
281
78
172
140
156
405
109
343
171
390
250
31
172
47
281
125
499
187
624
218
140
265
125
47
31138
125
31185
312
31122
31231
31262
31247
31278
64600
31388
31278
31231
31340
31371
156
31356
31325
31294
31231
484
31232
203
109
484
125
31185
31201
31294
187
31231
109
203
31356
31325
64912
266
31403
31434
31481
203
390
172
219
31403
109
31403
31387
234
31544
140
327
203
31387
249
31418
31449
234
31419
64896
281
218
265
64912
64850
312
234
31481
31481
296
31294
359
453
250
31481
64865
31403
31294
31325
64865
31372
64928
31481
312
31341
31403
31403
31418
343
31341
64897
31606
31466
593
64896
65021
31684
31325
64974
31481
31434
64990
343
31340
31465
31434
64943
31513
31481
65099
31481
359
65068
31450
546
31450
437
31481
390
31481
31543
31465
31512
31293
31356
65037
31294
453
31294
31356
31699
31590
437
31356
31496
65021
31372
65084
31497
31715
31419
65036
499
358
31574
65068
31512
31715
390
31372
406
31434
343
390
562
500
65068
546
65130
31387
483
65084
31590
421
31559
437
65162
468
577
436
436
31559
31684
64990
65084
31637
515
499
31575
593
531
359
484
499
639
31699
31543
31341
31637
31450
31622
609
31419
31466
453
31668
31497
31528
31590
31699
65068
31465
65192
31449
31465
31465
31481
31481
31481
31513
31497
31247
31513
65208
31528
593
31543
530
65239
577
546
546
499
31497
31481
530
577
577
65426
31465
31575
31575
593
31465
31590
31481
468
31372
31559
31123
515
31481
31559
65177
31419
640
31528
31559
31778
546
65255
608
31574
30872
639
31543
546
577
65193
65209
31310
624
31497
812
31216
31653
31435
31715
546
65240
31575
65240
31465
31559
65224
608
686
593
31590
593
889
31403
31372
31247
31575
31481
31403
31247
639
31138
608
31372
31434
31434
31232
624
592
795
31325
31559
31497
31341
30982
702
31341
31840
31809
65318
31418
31590
31356
702
65318
31559
65240
31216
31044
702
733
655
733
31497
65333
936
640
65256
765
31590
31808
31341
31403
31434
65426
31808
31465
65411
31465
31372
796
31855
765
31544
780
65349
795
31605
795
31746
795
780
65396
827
812
31902
31684
905
811
843
65458
952
65302
811
31715
65536
874
65567
999
951
920
31996
905
905
65349
31964
952
65630
982
31871
65567
65458
65505
1076
65629
1014
1092
1092
1014
998
1014
1139
65474
1046
1014
1092
1061
1108
65474
1077
1061
1092
1045
65645
1092
1123
1061
1139
1138
1170
65582
1263
1170
1170
1123
30186
1139
65786
1108
65724
1217
65645
30046
30327
1248
1263
1170
1279
1217
1201
65661
1263
1248
1217
1263
1263
65630
1201
1232
1248
1264
1295
1311
1279
65848
1263
65770
1264
65583
1373
65645
65754
1295
65614
65801
65567
1342
1342
33368
1326
65708
1310
1388
1373
1342
1388
1326
1404
65645
1357
1420
1450
1419
65660
1404
1373
1420
1498
1498
1404
65661
1513
1466
1482
65755
65755
1497
1419
1482
65802
1420
65910
1529
1466
1467
1498
1497
1575
1482
65708
1654
1514
1514
65801
1591
1576
1623
1575
65848
1497
1591
1560
66144
1606
1653
1498
1560
1576
1560
1529
65879
1700
1576
65770
1591
65864
1576
1591
1623
1591
1575
33618
1810
1544
65676
1670
1607
1653
1685
1638
1591
65848
1638
1654
65754
1622
1670
1731
1638
1638
1701
1684
1684
1825
66004
1669
1763
66145
1778
1731
65723
1763
1778
1716
1762
1716
65817
1763
65786
1841
65817
1872
2028
1840
65832
65848
1763
1794
1810
1794
65864
65895
1810
65895
65864
1779
1841
65785
65926
65863
1809
1888
66067
65802
1903
1903
65879
1935
1888
1856
65863
1809
1950
1950
65942
1888
65817
1935
1919
1841
66004
65801
66035
65801
1981
1981
2012
66035
2028
65910
1919
1934
66020
1856
65989
65926
65801
1965
1903
65801
66207
67361
1997
1981
1950
65786
65941
65816
65941
65863
65972
2277
2012
65848
65879
66020
1997
1981
1966
65942
2075
65958
2028
66051
66270
1857
66144
65973
66035
66144
66191
1997
1997
65941
66113
65879
2168
66020
65942
66051
66020
2091
65911
2060
66036
65973
2153
65817
2106
1935
66082
66020
2215
66035
2075
2075
65895
65786
66004
2044
1982
1903
2012
1950
1965
65770
2106
65911
2106
65770
66082
65988
2106
2122
66051
66020
2075
1982
66004
65864
1997
2262
2137
1856
66004
66285
1919
66222
65754
66004
66020
65895
65864
65739
2153
66956
2091
2184
2074
66019
2106
2121
66129
2200
66144
1919
66035
2122
2091
1950
66051
66144
66035
65879
66051
2184
2106
66098
65895
66020
3806
66050
2106
66035
2106
2137
2278
1872
2153
2044
2340
66160
66004
66129
2589
1950
66113
2184
2215
66254
65957
2028
2059
2184
66004
66176
1919
65942
2044
2090
2059
2075
65941
65988
2075
2044
66004
2215
2075
2231
66613
66020
65972
2558
66035
2074
65863
2293
2059
65958
66036
66004
66253
2184
2168
66113
2231
66019
2091
66035
66113
2122
66128
66035
65879
66050
2122
66066
2137
66035
65988
2106
66036
2138
66020
2137
2511
66019
2215
2106
2168
65957
66019
66082
66082
2153
66581
66113
65973
66035
66082
2403
66253
66316
66612
2230
2215
66051
66098
2449
66207
66145
66409
2231
66643
67923
66051
2481
2730
66113
2324
2308
66082
2340
66098
66144
66051
2340
2480
2356
66051
66082
66207
66722
66175
66191
2355
30342
2371
66223
66051
66176
2403
66098
2355
2418
66206
66160
66128
66113
66425
66004
2356
66285
66223
2372
66535
2543
66270
66160
2309
66534
2434
66207
66144
2355
2433
2387
66051
66020
2418
66300
2528
66285
2449
66238
66222
2418
2293
2418
66222
2309
66129
66192
2387
2496
2371
2418
66207
66254
2418
2356
2309
66363
2465
66238
66300
66129
66191
66348
2402
2636
66175
2481
66129
2449
66223
2527
66160
2449
66347
66144
2527
66269
2590
2450
2450
66394
66160
2496
2433
2402
2465
66254
2496
2496
66191
2636
66519
66269
66129
66238
2465
2465
2652
2403
66129
66269
66253
66207
66223
66254
66207
2542
2480
2620
66300
66207
66301
66332
66316
2528
2449
66222
2402
66394
66285
66253
2636
66565
66363
66269
66300
2496
2590
66379
2621
66238
66222
2574
66425
2574
66254
66269
2636
2668
2636
2683
2543
2543
66425
66363
66332
2621
2699
66300
66441
2621
2730
66222
2542
2667
2496
2543
2511
66363
66238
2776
66284
2605
2590
2652
2792
2714
66410
2621
66301
66441
66769
66379
66347
66316
2605
2652
2636
2683
2761
3931
66300
66300
66378
2746
2746
2668
2652
66316
2699
2715
66441
66457
2683
2932
2746
66425
2933
2871
66348
2777
2714
66300
66347
66472
2839
66176
2808
66300
66128
66441
2886
66441
66285
66472
2777
66332
66456
66472
66472
2808
66394
66113
2792
2792
66316
66457
66363
2871
66206
66550
66550
66440
2792
66222
66036
66487
66441
2886
66410
2871
66379
66613
66503
2886
66206
66409
66410
66504
66270
2777
66316
66129
66036
66192
66675
2933
2948
66331
66331
66472
2979
2839
66176
2840
66207
66238
2870
2980
66316
68407
66394
68173
2933
66347
66425
2917
2839
2886
66284
3026
66300
66332
66144
3011
2980
66285
2871
66301
2917
3058
2902
66113
2854
2902
66285
65864
2933
3104
66270
66254
3058
66394
66456
66269
3073
3027
3120
2917
2932
2995
2980
3042
65583
66332
3182
2979
3073
66223
66254
65988
2948
2902
2948
66300
3214
2996
2979
3105
2995
3042
3057
3307
2995
2933
3042
3058
2980
3120
65614
66300
3088
3010
3136
2996
66051
68172
65926
3104
3057
65754
66238
3042
3120
3494
3042
3089
66909
65646
65817
3167
3011
3042
66394
3042
3042
3058
3198
3323
3152
3058
3198
3027
65458
3073
3167
3151
3105
3073
3323
3198
65770
3120
3104
3166
65551
65396
3152
3152
65786
3214
3167
3120
65770
3151
65474
3573
3385
65817
3120
65458
3136
3136
3136
65770
3183
3167
3229
3198
3385
3260
3229
3198
65802
3198
3261
65490
3401
3214
3260
65707
3229
3307
3261
65411
3261
3276
65177
3323
65864
65599
65926
3385
3338
65536
65380
65661
3307
3307
65552
65614
65645
65598
3322
65676
65068
65724
68266
65505
65536
65395
65614
65146
3322
65645
3416
65037
3416
3401
4556
65239
3432
65177
3385
65894
3369
65567
3432
64959
3432
65380
65271
3541
3495
3604
3463
64974
3556
3494
3541
3557
3401
3526
65224
3417
65286
64896
3494
3556
3572
3510
65209
3588
3526
3541
3572
65286
65349
65240
3588
3525
3463
64600
64943
64990
3525
64990
3650
64741
3557
3588
64725
3573
3541
3651
3604
3525
3572
3572
64553
3651
64398
64912
3635
66254
3588
3603
3557
64756
3682
3650
3635
65349
3822
3791
3635
64475
64725
3682
3775
3682
3822
3619
65614
3713
3666
3822
3729
3838
3666
64553
3978
3775
3728
3650
68422
64693
64631
64507
64600
65036
3759
3759
3915
64724
3822
3697
68468
3806
64569
3806
3791
3791
3791
3791
6053
64506
3744
3713
4056
3744
64662
3760
6115
3822
3838
3822
3978
3806
64428
3853
3900
3884
64693
64397
64756
3822
64522
65239
3822
3884
3869
3853
3853
3806
3993
3869
64553
65177
64709
3884
64241
66176
64709
64647
3853
64491
64179
64616
64382
64693
64646
64163
64538
3884
3978
64585
4072
64803
3963
64584
64615
3978
3978
64740
64459
64319
64756
64741
64429
64569
4024
64553
3993
64241
64194
4025
64584
64460
3962
4041
64257
64740
64413
4181
64522
64600
4009
4041
64631
64834
4071
64522
4087
64054
64678
64709
64366
64413
64413
64288
4119
64273
4088
4087
4149
63913
64210
4056
64819
4275
63601
4072
63945
64709
64101
63992
64616
64335
64741
64491
63758
64491
4134
64381
64288
64085
64023
64429
4041
4040
64381
64490
64163
63633
63695
4212
63820
63820
4150
64320
63852
4150
63649
64210
4103
4196
63461
63851
64288
63929
64522
63867
63742
64303
64210
63913
63742
64069
64085
4181
64288
63773
4165
4165
63586
63867
64725
63680
64101
64850
63679
63539
63648
4134
4165
63976
4150
63430
63929
63586
63601
64490
4243
4228
63851
63399
63820
64039
63774
63306
4166
4197
4165
63664
63836
4243
63758
63664
63711
63524
63274
63524
4243
4212
63508
4275
63601
64615
63664
4196
64225
63601
4118
4243
63648
4352
63103
63462
63680
63540
4275
63618
4212
63305
4259
4259
4321
63758
63664
4243
4353
4197
63710
4290
4305
63757
63602
63617
63461
63680
4228
4306
63711
63789
4228
4322
4290
63945
62977
64039
62931
4337
63352
63337
62930
4570
4399
62868
63446
4306
64241
4352
4368
4181
64164
63883
4103
4118
63102
63165
63680
4353
63180
63539
4306
63368
63336
63134
4571
4306
4228
63633
4321
4196
63508
4259
4633
4539
64553
4227
63274
4446
63476
4430
63352
62946
4290
4212
63368
63914
63368
4322
62978
4383
4399
63305
63009
63243
62978
63446
63337
4274
4290
4321
4477
4400
4259
64756
4353
4353
4556
4275
4383
63149
63289
4306
62853
4352
63227
4352
62774
4649
62759
4384
63212
4337
4400
63601
4383
62977
63071
62837
63196
63071
4275
4384
4509
63009
62572
4414
62946
62696
62946
4415
4399
4352
4399
63227
63228
62635
4400
4461
4586
4399
62635
4431
4306
63134
4431
62213
4461
4446
4414
63476
63024
4492
63180
62494
62822
4430
62868
62962
63118
4415
62993
4399
63055
4415
4415
63820
63071
4555
4633
4493
62993
4524
4430
62962
4352
4602
4540
4478
62962
62463
4555
62587
4524
4508
62899
61995
62385
62245
62806
63025
63102
4461
62197
4570
4726
62291
4462
62182
63368
62104
61730
4509
61714
61995
4602
61933
4602
61699
62432
4446
62775
4649
61636
4430
4524
4493
62416
62057
62509
4555
61855
62572
62572
62322
4477
63180
62104
61932
4492
61386
4602
63414
61137
4602
62385
62385
62057
61854
62478
62260
62448
62275
62275
62275
62073
63071
62104
61901
62463
61886
62197
60356
4695
4727
62026
62728
62120
62213
4618
62884
4602
62089
62276
62275
62057
62088
62385
62166
62213
62229
62026
4618
62120
4602
62089
62977
62182
62026
61574
62806
61854
62338
61636
61730
61590
62463
61808
4711
61901
30202
62151
61605
4680
61465
61574
60435
62119
4727
63305
4696
61917
62806
4680
5039
62245
62026
4758
4727
4742
4696
4774
4711
4773
5803
4836
61948
62151
4867
4711
62385
4836
4821
4742
4821
4774
4883
4836
4867
4852
4867
5007
5007
4867
4836
4961
4852
4836
4836
4914
4867
4804
5007
4898
66846
4946
4852
5055
4898
4976
5055
5054
5070
4836
4929
4820
5023
4883
4977
4992
4977
4929
4882
4976
5023
5132
4961
5148
5024
4977
5195
5148
5039
5117
5008
5007
66409
4898
4945
5117
5024
4961
5007
4945
5039
4867
5023
5008
5070
4945
4867
66440
5054
5008
5039
5054
4899
5008
5039
4992
4898
60263
5008
5055
4946
4945
5101
5039
4914
4945
5008
5086
5008
5086
5164
6193
4976
5335
4992
4992
5086
5008
4946
5242
5164
4946
65552
5007
4976
5195
5366
5210
5070
5242
5008
60045
5023
5023
5085
5054
5023
5148
5101
5148
65598
5163
5179
5444
5179
5195
5210
5148
5211
5211
5132
5195
5257
5351
5164
5257
5257
5241
5194
5257
5257
5320
5289
5195
5335
5257
5241
5257
5257
5319
5350
5273
7379
5273
5335
5289
5273
5351
5445
5350
5257
5257
5304
5320
5398
5273
5319
5382
5382
5445
5319
5413
5398
5320
5429
5336
5429
5366
5382
5710
5366
5366
5397
5413
5429
5460
5413
5475
5444
5507
5414
5616
5429
5523
5492
5429
60123
5460
5476
5475
5601
5601
5570
5601
63664
5523
5538
5553
5522
5584
5600
5570
5648
5694
60154
5601
5522
5616
5616
5585
5616
5632
5866
5631
5975
5631
5647
5710
5741
5678
5740
5741
5772
5725
5819
64475
5850
5850
5913
5881
6115
5959
5944
5912
5912
5959
5944
6037
6084
6052
6100
6115
6099
5991
6069
5975
6052
5959
6006
6100
5944
6006
6053
5991
6037
6115
5943
6100
6115
6131
5991
6162
6193
6318
6131
6006
6131
6350
60263
6146
6194
6271
6224
6209
6084
6318
6225
6037
6225
6209
6240
6224
6209
6224
6146
6271
6224
6271
6224
6287
6162
6177
6255
6193
6318
6177
6162
6302
6271
6271
6380
6225
6131
6318
6333
6318
6146
6303
6240
6240
6240
6256
6302
6271
6255
6443
6287
6380
6256
6537
6272
6303
6365
6271
6381
6396
6381
6271
6364
6333
6380
6396
6396
6380
6568
6474
6646
6520
6490
67471
6521
6552
6583
6662
6723
6646
6708
6677
6723
6614
6739
6755
8955
6708
6692
6677
6770
6740
6801
7332
6739
6832
6801
6770
6739
6833
6755
6693
6849
6755
6630
6739
6692
6833
6802
6895
6771
6740
6645
6864
6786
6770
6755
6739
6864
6630
6848
6802
6801
6755
6880
6895
6692
6926
6708
6630
6880
6833
6677
67142
6786
6771
6615
6693
6833
7161
6833
6864
6708
6849
6895
6770
6958
6739
6770
7145
6740
6895
6677
6833
6989
6895
7020
6817
6661
6708
6786
6724
6723
6864
6723
6817
6739
6739
6958
6802
6708
6786
6817
7082
6801
6833
60451
6786
6771
6927
6786
6739
6833
6786
7207
6817
6832
7129
6849
6974
6896
6833
7020
7192
6848
6989
7551
6927
6957
6957
6911
6989
7020
6911
6974
6989
6973
6926
7035
7020
7005
7005
7223
7036
6958
7066
7035
7145
7052
7052
7130
7145
7269
7083
7145
7004
7176
7129
7082
7176
7145
7161
7144
7082
7145
7208
7067
7316
7223
7270
7082
7129
7270
7239
7145
7145
6989
7270
7005
7192
7098
7223
7145
7145
7191
7254
7192
7254
7238
7145
7192
7145
7441
7067
7161
7161
7254
7238
7082
7301
7239
7114
7129
7363
8564
7114
7238
7051
7519
7129
7161
7457
7130
7083
7239
7457
7379
7223
7207
7395
7254
7316
7207
7192
7082
7192
7223
7239
7145
7348
7113
7145
7176
7270
7285
7270
7223
7207
7254
7394
7285
7098
7238
7254
7192
7238
7098
7114
7270
7379
7317
7192
7113
7223
7223
7207
7176
7690
7113
7269
7176
7301
7286
7660
7176
7239
7332
7254
7285
7301
7332
7144
7597
7160
7675
7207
7317
7208
7239
7301
7207
7332
7285
7316
7254
7332
7566
7332
7566
7301
7347
7675
7348
7285
7316
7425
7472
7348
7379
7348
7425
7301
93912
7363
93913
8019
7426
93913
93897
7378
7332
7347
93897
7332
93897
7363
93866
93866
60045
93882
93851
7395
7581
93819
93819
93804
93803
7425
93772
93772
7363
7426
7442
93788
7488
7441
7379
93788
7519
7519
93788
93788
7488
7473
7410
93788
7457
7520
7472
7644
7504
93804
93788
8986
7457
7473
7441
93788
7581
7550
7550
7582
93804
7457
93804
7551
7550
7488
9048
7519
7535
8892
7629
93819
93819
7597
7690
93834
7612
93819
93819
7690
93819
93819
7472
93819
93819
93819
93835
7660
7535
7612
7581
7706
93866
93866
7597
7644
93866
7582
7707
93866
7629
7644
7566
93866
7520
93851
7628
93866
7581
7488
93866
93850
93850
93850
93850
7659
7722
8939
7675
7784
93882
7660
7613
93866
7644
7566
7566
93881
7659
7691
7691
93881
7659
93881
7566
7800
7644
7706
7659
93897
7659
7613
93881
7628
7644
93881
93882
93882
7676
7738
93882
93850
7706
7769
93850
7675
93850
7738
7504
7660
93835
7644
7691
93819
7612
7722
7612
7644
7815
93819
7628
93803
7784
7738
7722
93819
7722
7831
93788
7566
93804
7520
7769
7535
7597
7706
7644
93835
7551
93819
7722
93819
7691
7628
7893
93819
7644
7737
93819
7550
93819
7815
93835
7722
93819
7722
7909
7738
7754
7707
93819
93804
7628
7722
7722
8003
7675
7644
7785
7768
7597
7660
7706
7722
93819
93819
93804
7738
7644
7660
93803
7644
93803
93788
7722
7784
7582
7659
7753
7738
7613
7675
7676
7722
7722
7551
7738
7972
7691
93851
7676
93866
7644
7831
7659
7659
7769
93882
93882
7707
7737
93881
93866
93866
7706
7784
7956
7847
7691
7706
7597
7706
93881
7737
93897
93897
93882
93897
8190
93897
93897
7878
7675
7847
93913
93913
93912
7706
93897
7863
7722
7894
93882
7738
93865
93834
7706
7800
93834
7753
7784
8112
7769
8300
7816
7800
7738
7832
7893
7815
7800
7893
7987
7847
93850
7816
93835
7863
7815
93803
7940
7769
93803
8268
7769
7847
7863
93757
7862
7925
7894
7800
7878
7878
7972
93788
7925
7878
7862
7909
93804
7894
93804
93788
7925
93772
8674
7878
7878
7894
93788
7894
93804
93804
7894
7925
7893
93803
7925
7940
8237
7925
7941
93819
7924
7909
7894
93819
7972
9110
8003
7940
93850
16442
93834
7940
93834
7956
7972
7910
8019
7972
7972
8018
7972
8002
8049
8003
7972
8003
93897
8128
7988
93897
93897
8065
7987
8050
93866
93866
8018
8081
8097
8143
8127
8034
8252
8065
8065
8206
8128
8112
8096
93866
8034
8081
8159
8034
8159
8050
8112
8112
8159
8205
8034
8159
8221
8081
8206
93819
93819
93757
8300
8097
8144
8112
8143
8159
8050
8205
8190
8049
8112
8159
8175
8081
8206
8222
8050
93788
8112
8159
93772
8237
8222
8206
8222
8268
8190
9438
9032
8112
8174
8268
8253
8284
8347
8237
8206
8253
8190
93772
93772
8221
8159
8346
93788
93788
8300
8331
93757
93772
8081
8237
93772
8455
8081
8237
8143
8190
8190
8159
8299
8284
8378
8237
8159
8268
8299
8283
8268
8034
8237
8268
8315
8206
8518
8362
8112
8284
8112
8284
8112
8221
93757
8440
8268
8019
8284
93772
93772
8299
8517
8424
93772
8346
93710
8268
8299
8253
93710
93710
8284
93710
8299
8300
93726
93726
8253
93772
93756
8252
93709
8127
8221
8283
8627
8221
9563
8284
8315
8096
8299
8206
8471
8081
93741
8346
8673
8127
8081
93741
8128
8237
93725
8253
93726
8253
93741
8252
93756
8517
93756
93741
93694
8331
9594
9719
8112
93647
8237
8736
93663
93663
9641
93663
8424
8205
8237
93694
93694
93679
93679
93663
93663
93616
8658
8299
93616
8268
8440
93632
8377
93647
8065
93631
93631
8783
8237
93647
8190
93647
8299
8253
93648
93648
93648
8705
8330
8190
8252
93663
8346
8268
8268
8143
8268
8455
8206
93632
8736
93648
93648
93663
93663
8221
93663
8206
93679
8222
93663
8283
93663
8252
93663
93679
93679
93663
8627
93663
93663
93663
93663
93663
8206
93678
93616
93616
93616
8284
93616
93616
8533
93631
8471
93631
8283
8237
8299
93631
8315
93647
93647
8206
93647
8487
93632
8346
93648
8284
93648
8269
8222
93632
8362
93632
8330
93600
93600
93601
93585
93585
93585
93585
93585
93569
8533
93585
93569
93570
93570
93570
8393
93585
8486
93585
8284
8190
93554
93570
93570
8378
93570
93569
8408
93569
93569
8299
8190
8253
93569
8424
93507
93507
93523
93523
93523
93523
93523
93538
93538
8252
8299
8237
8299
8424
93538
93538
8393
93538
8237
93538
93538
8424
8440
8253
8346
8253
93538
93538
93538
8143
93538
93539
93539
93523
93538
8502
93522
93538
8362
93538
93538
93538
8440
8658
93538
8283
93538
93538
8299
8081
93538
8362
93523
8502
93523
8393
93523
8346
8362
93539
93523
93523
93507
93522
8393
93522
93522
8268
93523
93523
93523
8175
93523
8284
93538
93538
8315
93522
9797
8299
93523
93523
93507
93523
8409
93523
93492
93507
8408
7972
93507
8455
93507
8549
8471
8144
8393
93523
93507
8362
8439
93522
93522
8517
8346
93507
93507
8299
8658
8346
8455
93523
93507
93507
8611
8689
8455
93507
8378
8659
7957
8518
8159
93507
8409
8112
8190
8143
7972
7988
8127
8268
8221
8143
8003
8191
8253
8144
8315
60170
8861
8050
8768
93616
8159
93632
8315
93648
93617
8128
93601
93601
93616
8642
93616
8190
93616
8143
8518
8534
8190
93554
93554
8066
93569
93569
8205
60466
8159
93585
8643
93585
93585
93601
8144
8269
93601
93601
8081
8128
8549
8206
8128
93616
93616
93616
8222
93585
93601
93601
93600
93585
93585
8268
93569
8221
8393
8112
8112
8596
93601
93601
93601
93601
93616
93538
8221
93538
93538
8159
93554
93554
93569
93569
93569
8205
93569
93585
93585
93601
93585
93569
93569
93569
93569
93585
8206
93585
8221
93553
93569
93569
8159
93554
93570
8269
93570
93570
93570
93585
8284
93585
93585
8159
93585
8222
93585
8268
93600
93600
10124
8439
93585
93585
93554
93554
93554
93569
93554
93554
93570
8190
93585
93585
8455
93585
8346
93569
93569
93554
93554
8487
93570
93570
93554
8346
93507
8315
8315
93507
93507
93523
8393
8518
8346
93539
93539
93539
93554
93554
8252
8252
93522
8361
8783
8424
8393
8269
93539
8564
8346
93475
93460
8456
8408
8284
8627
8518
93414
8361
93429
8486
8393
8424
8393
8393
8377
8518
10484
8486
8408
8486
8408
8408
8408
8487
93117
8455
8502
8409
8440
8549
93070
8518
8330
8705
8455
8440
8206
8113
8518
8424
8159
8643
8502
8346
8767
8596
8190
8221
8565
8487
8424
8253
8144
8768
8330
8253
8362
8252
8471
8362
8408
8268
92930
92945
10452
8471
8440
92649
8471
8518
8487
8517
8518
8440
8565
8518
8580
9220
10452
8611
92493
8533
8534
8690
8627
60278
8627
8658
8705
8565
8689
8549
8783
8596
8689
8627
8783
8612
8627
8705
8642
8674
8674
8658
8643
8565
8752
8690
8674
8783
8705
8658
8721
8798
8721
8627
8861
8674
8564
8767
8673
8674
8737
8768
8737
8596
8939
8767
8861
8923
8799
8768
8721
8815
8736
8736
8768
8814
8877
8752
8814
8736
8908
8955
8939
8783
8908
8798
8783
8955
8799
8845
9017
8814
8861
8705
8893
8893
8877
8846
8658
8923
8799
8767
9002
8830
8689
8689
8830
8736
8689
8690
8642
8674
8736
8642
8705
8627
9267
8783
8689
9002
8799
8705
8768
8752
8705
8674
8752
8721
8721
8783
8845
8767
10421
8814
8752
8939
8767
9251
8845
8783
8970
9001
8799
8768
8892
8861
8752
8799
8892
8861
9220
8939
8924
8783
8876
8939
8970
8877
9017
11030
8829
8939
9017
8985
8845
8845
8830
8861
8971
8986
8970
8799
8970
8923
8923
9048
9001
8924
8970
8970
9033
8955
8939
9048
9141
9079
9126
8939
9204
9095
9142
9142
9188
9157
9173
9173
9173
9017
9141
9204
9157
9235
9188
9251
9173
9017
9157
9095
9079
9205
9188
9235
9313
9235
9267
8939
9079
9017
9173
9111
9173
9235
9313
9298
9017
9048
9236
9126
9297
9360
9142
9360
9049
9080
9048
9563
9126
9220
9079
9032
9158
9095
9095
9095
9157
9173
9017
9563
9110
8970
9126
8986
8985
8970
9110
9126
8970
9017
9329
9282
9189
8971
9142
8954
9095
9126
8970
9235
8970
8970
9142
9049
60076
9220
8986
8970
9033
8986
9282
9126
9017
9001
9001
9251
8970
9142
8986
8986
9158
8986
9157
9220
9282
9032
9033
9017
9220
9127
9173
9236
9158
9079
9079
9188
9079
9095
9095
9095
9298
9110
9251
9095
9141
9360
9532
9095
9095
9095
9095
9080
9095
9235
9111
9095
9095
9127
9361
9110
9235
9110
9267
9111
9111
9219
9469
9314
9110
9267
9360
9219
9095
9297
9219
9111
9111
9111
9095
9313
9157
9329
9095
9361
9158
9095
9360
9298
9048
9033
9438
9111
9032
9032
9282
9017
9344
9017
9345
9251
9298
9391
9454
9344
9017
9376
9017
9048
9064
9033
9313
9236
9173
9033
9173
9454
9391
9173
9407
9032
9376
9236
9126
9110
9485
9204
9423
9173
9111
9329
9423
9188
9344
9157
9298
9423
9438
9158
9579
9188
9204
9080
9158
9158
9142
9532
9329
9500
9251
9064
9219
9157
9251
9501
92665
9267
9142
9361
9220
9267
9064
9220
9188
9204
9157
9142
9314
9063
9235
9032
9204
9267
9298
9173
9329
9049
9251
9407
9126
9204
9142
9205
9251
9251
9142
9235
9314
9282
9282
9267
9220
9126
9235
9220
9173
9236
9329
9282
9158
9157
9297
9734
9141
9219
9344
9063
9126
9251
9297
9157
9064
9376
9173
9282
9204
9314
9329
9376
9158
11186
9438
9298
9142
9127
9111
9158
9361
9111
9361
9095
9111
9345
9235
9360
9516
9282
9314
9282
9282
9142
9298
9391
9422
9173
9173
9298
9267
9329
9563
9485
9298
9235
9391
9313
9375
9297
9360
9298
9313
9376
9282
9345
9314
9220
9266
9516
9376
9282
9610
9454
9423
9407
9376
9407
9298
9375
9423
9313
9501
9360
9454
9704
9407
9531
9407
9470
9501
9594
9579
9500
9344
9516
9501
9532
9517
9532
9501
9750
9485
9532
9532
9470
9579
9563
9453
9407
9469
9531
9703
10031
9391
9439
9532
9532
9610
9532
9532
9641
9469
9453
9657
9485
9547
9563
9688
9548
9626
9470
9500
9656
9329
9563
9626
9329
9610
9454
9391
9578
9360
9376
9454
9594
9298
9469
9672
9641
9735
9485
9485
9578
9298
9719
9672
9360
9516
9516
9547
9594
9344
9594
9719
9531
9594
9609
9719
9329
9594
9438
9703
9532
9735
9517
9579
9829
9781
9516
9703
9407
9594
9672
9501
9797
9485
9812
9407
9469
9391
9578
9594
9625
9345
9625
9501
9532
9860
9907
9392
9673
9673
9594
9656
9422
9656
9516
9828
9719
9641
9594
9625
9641
9610
9438
9453
9453
9407
9438
9501
9891
9454
9891
9470
9532
9610
9469
9594
9500
9578
9391
9672
9563
9423
9500
9547
9485
9532
9516
9407
9625
9579
10078
9314
9563
9548
9610
9391
9516
9438
9532
9438
9750
9391
9422
9438
9438
9719
9937
9407
9454
9579
9439
9532
9454
9828
9423
9485
9594
9969
9485
9547
9453
9500
9703
9453
9547
9750
9469
9547
9470
9454
9500
9500
9454
10202
9781
10156
9594
9641
9439
9548
10281
9517
9438
9423
9594
9501
9516
9547
9532
9719
9610
9579
9844
9563
9548
9547
9547
9657
9595
9563
9594
9578
9828
9547
9547
9563
9766
9610
9641
9626
9610
9469
9609
9516
9657
9516
9469
11232
9516
9516
9531
9610
9594
9532
9516
9563
9532
9563
9657
9734
9719
9532
9516
9703
9703
9625
9579
9516
9625
9594
9672
9703
9454
9547
9610
9641
9594
9579
9657
9766
9703
9500
9579
11232
9516
9641
9547
9531
9578
9734
9640
9562
9578
9844
9547
9610
9719
9579
9548
9501
9501
9454
9531
9469
9516
9485
9703
9454
9547
9718
9656
9578
9734
9562
9547
9610
9563
9547
9672
9579
9626
9625
9656
9578
11372
9719
9594
9594
9579
9672
9516
9688
9594
9485
9485
9563
9485
9563
9782
9626
9578
9703
11232
9485
9672
9703
9610
9703
9532
9688
9594
9641
9501
9610
9579
9641
9656
9578
9609
9640
9610
9703
10078
9688
9625
9516
9875
9641
9548
9626
9704
9641
9531
9641
9672
9531
9656
9672
93553
9718
9594
9656
9688
9641
9578
9703
9594
9485
9796
9734
9625
9734
9797
9610
9969
9750
9532
9719
9797
9703
9719
9641
9813
9485
9563
9610
9563
11575
9610
9579
9688
9719
9750
9782
9704
9626
9797
9843
9875
9797
9578
9641
9750
9734
9532
9766
9610
9750
9704
9641
9782
9609
9656
9609
9765
9610
9610
9672
9672
10249
9656
9687
10015
9594
9610
9781
9797
9859
10078
9672
9719
9704
9704
9782
9797
9703
9719
9719
9703
9750
9828
9844
9891
9843
9765
9859
9844
9859
9750
9859
9937
9844
9953
9891
9969
9797
9890
11762
9765
9859
10155
9890
9875
9937
9938
9875
9875
9906
9921
10015
9874
9937
9890
9922
9828
10000
9828
9875
9875
9875
9859
9828
9937
9891
9953
9969
9953
9828
9890
9968
9984
9984
9921
9922
9953
9969
9906
9984
9984
9999
9968
9984
10015
10140
9953
9906
10000
9999
9999
10077
10015
9922
10047
10047
9875
9937
10249
9952
10030
9953
10031
9906
9922
10031
10093
9921
10171
10015
10109
10000
9968
10030
10062
10093
9969
10078
9969
10343
10109
9984
10077
10124
10156
10062
11669
9984
10000
10000
10109
10062
10094
9999
10015
10015
10156
10156
10171
10078
9969
10062
9984
10124
10046
9984
10156
10000
10078
10140
10155
10093
10125
10156
10125
10187
10077
10093
10171
10234
10156
10015
10000
10000
10156
10265
10031
10000
10250
10249
10155
9999
10421
10187
10437
10125
10000
10000
10000
10202
9999
10015
10124
11778
10093
10000
10000
10187
10000
10016
10187
10016
10187
10016
10000
10203
10078
10140
10265
10015
10046
10015
10202
9999
9999
9999
9999
10015
10015
10203
10249
10000
10156
10015
10171
10374
10218
10530
10218
10218
10250
10234
10233
10233
10234
10140
10156
10156
10281
10296
10405
10233
10249
10327
10249
10187
10171
10265
10234
10109
10234
10250
10202
10296
10265
10311
10249
10421
10328
10265
11840
10265
10155
10187
10125
10156
10140
10171
10140
10218
10140
10140
10125
10265
10249
10124
10108
10249
10234
10358
10124
10140
10296
10250
10343
10265
10155
10140
10140
10140
10140
10140
10124
10124
10124
10156
10187
10156
10405
10140
10140
10062
10125
10062
10062
10093
10062
10125
10078
10093
10031
10125
10047
10125
10109
10125
10109
10124
10186
10108
10124
10108
10077
10077
10030
10093
10046
10015
10030
10062
10108
10030
10078
10093
10078
10093
10093
10046
10015
10124
10062
10031
10062
10031
10031
10015
10031
10078
10031
10000
10280
10046
10000
10468
10047
10062
9999
10405
10015
10000
10000
10000
10015
10124
9999
10109
10016
10140
10701
10155
10203
10030
12214
10156
10000
10015
10000
10234
10250
10015
9999
10187
10156
10670
13385
10046
10155
10015
10202
10280
10000
10171
10094
10733
10031
10187
10280
10031
10000
10265
10000
10234
10124
10312
10078
10203
10265
10327
10140
10000
10343
10047
10343
10281
10264
10218
10140
10280
10358
10218
10250
10140
10421
10343
10187
10312
10186
10140
10172
10327
10187
10359
10187
10359
10109
10093
10093
10265
11045
10374
10249
10671
10468
10124
10249
10109
10093
10031
10390
10311
10265
10000
10405
10000
10234
10655
10265
9953
10171
10343
10265
10265
10015
10686
10234
10249
10296
10858
10234
10421
10265
10280
10203
10140
10218
10218
10390
10093
10062
10109
12105
10140
10327
10030
10030
10015
10249
10202
10358
10749
10202
10389
10218
10280
10046
10031
10031
10093
10311
10233
10202
10249
10281
9969
10452
10062
10187
10078
10390
10140
12168
10312
10359
10374
10140
10030
9953
12137
10094
9968
10078
9922
9921
10062
9953
10233
10187
10093
10358
10171
10094
10124
9937
9859
10047
9984
10311
10389
12355
12199
10077
10265
10171
9874
9937
9844
10374
9937
10109
10172
10093
9890
10156
9906
9969
10156
9890
10046
10046
10093
10093
9859
10109
9812
9968
10140
9953
9922
10047
9999
9953
10015
10078
9984
10171
10078
9859
10234
10125
9937
9891
9875
10280
9968
9984
9953
10015
10015
10327
10202
9984
10093
10046
10077
10156
10156
12152
10452
10249
10077
12074
10093
10124
10249
10015
9968
10358
10202
10124
10000
10343
10015
10171
10436
10016
9906
10343
9843
10187
10000
9844
10062
10031
9984
10078
9953
9938
10062
10094
10390
10125
9984
10031
9969
9859
10077
9937
14789
10093
9828
9969
10623
10218
9890
10390
10359
10343
12496
9874
10093
10186
10187
10171
10015
10031
10171
10062
10296
9937
9922
9844
9969
9922
10171
10358
10296
10078
10202
10031
10031
10156
10156
10156
11997
10515
9922
10062
9890
10281
10125
10156
10077
9953
10296
10016
10187
9984
10202
10342
10140
10218
10093
10000
9844
9984
9875
9875
9922
12449
10234
9937
10031
9921
10140
9937
9922
10171
10047
9875
9813
9922
10031
10031
9859
9859
9875
9844
9859
10047
10046
10015
9952
10203
10016
9921
10031
9984
10140
10140
9952
9843
9906
10140
10140
10078
10015
10686
9953
9999
9937
9953
10046
9875
9906
9875
10265
9937
10077
10249
9875
9953
10078
9875
9860
10046
10249
9906
9875
10171
9921
9890
9891
10046
9906
9922
10031
9937
9999
12028
10233
9968
9968
9984
10062
10078
9969
10000
10094
10312
10062
9999
9937
10202
10031
10108
9999
9984
10031
12230
10156
10015
10140
10155
10186
10108
10046
10108
10078
10078
10093
10124
10077
10062
10062
10047
10047
10031
10047
10031
10030
10030
10031
10031
10187
10016
10281
10000
10000
10108
10218
10000
10016
10343
10577
10000
10421
10062
10046
10405
10109
10093
10156
10218
10047
9999
10280
10187
9999
10031
10062
10233
10405
10062
10155
10062
10046
9984
10046
10249
10062
10062
10016
10187
10218
10093
10077
10467
10702
10000
10078
10343
10234
10015
10186
10077
10077
10062
10094
10172
10077
10093
10342
10015
9999
9999
10218
10046
10000
10686
9984
10312
10078
10234
10249
10218
10077
10093
10093
10140
10062
10062
10281
10187
10265
10218
10218
10093
10296
10156
10078
10078
10171
9968
9968
9984
10078
9984
10202
10093
10077
10062
10405
10312
10342
10264
10108
10156
10249
10187
9984
10234
10233
10140
10234
10062
10047
10171
9999
10062
10140
10078
10062
10109
10078
10109
10046
10249
10109
10265
10125
10062
10172
10155
10202
10234
10171
9953
10030
10030
9937
10218
10031
10406
10000
10000
9984
9999
10155
9984
10358
10000
10140
10015
10515
10140
10296
10233
10436
10109
10093
9999
9999
9999
9999
9999
9999
10342
9952
9952
9952
9968
9968
10140
10047
10094
10639
10109
10015
10015
10249
10140
10218
10140
10015
10015
10031
10015
10031
10031
10077
10031
10296
10218
10218
10109
10171
10124
10374
10250
10077
10156
10296
10015
10031
10046
10093
10030
10030
10046
10046
10576
10077
9984
10202
10265
10000
9969
10203
10328
10109
10343
10124
10187
9937
10327
10109
10140
10077
10077
9968
10109
10156
10077
9999
10046
10218
10249
9984
10062
9968
10046
9937
10436
9953
10296
9906
9906
10202
10124
10733
9844
10125
9906
9938
10171
9968
10218
10015
9875
9984
10030
9890
9874
9874
10000
10031
9890
10015
10094
10016
9875
9891
10000
10016
10094
9906
9891
9875
9859
9906
9891
9890
10030
10000
10390
9922
10062
10202
9875
9906
9953
10078
9969
9984
9891
9874
9968
10000
9922
10140
10062
9922
10203
10592
9999
9906
10249
9922
9937
9953
10000
9921
9859
9906
10140
9937
10031
9906
10016
10343
9938
10233
10031
10031
10015
9937
9921
9937
9906
10062
9952
10062
9875
9968
10046
9875
9953
9984
9969
9938
9969
9969
9969
10016
10031
10047
10031
10296
10015
9984
10062
10171
10031
10109
10047
9953
9953
9952
10046
9968
9999
10436
10171
9984
10000
9968
9953
9984
10031
10452
9969
10046
9984
9953
10031
9984
9984
10172
10078
9968
10187
12402
9968
9999
9999
9969
10062
10062
12605
10000
10078
10031
10250
9953
10093
10015
11544
9922
10093
9969
9969
10062
10062
9984
9968
10093
10249
10062
10140
12137
9984
10062
10077
9984
10077
10047
10062
10078
10436
10186
9968
10639
10109
10093
9984
10468
10062
10172
10093
10030
10156
10234
10093
10047
10062
10031
10187
10187
10077
10389
10358
10093
10608
10046
10046
10171
10030
10030
10015
10030
10030
10046
10062
10655
10000
10171
10093
10047
10108
9999
10109
10047
10046
9890
10000
9937
10187
10015
9968
9968
10186
10592
10093
10156
10093
9984
10094
10062
9999
10233
9953
10202
9969
10000
9953
9984
10078
9953
9952
10124
9953
9968
10031
9953
10031
10062
9984
10125
10077
10077
9984
10000
9953
9968
10062
9968
10140
10094
10016
10077
9984
10062
10187
10077
9969
10062
9984
10030
10312
10062
10203
10062
10000
10078
10000
10249
9937
10124
9937
9984
10125
10093
10280
10390
10249
10156
9984
10094
10125
10140
10124
10125
10015
10187
10108
10561
10046
10093
10062
10094
10109
10156
10047
10094
10156
10187
10046
9969
9891
10171
10093
9952
10171
10015
10265
10093
10000
9984
9938
10047
10078
10031
10250
10015
10015
9999
10093
10046
10093
10234
10000
9921
10046
10108
10420
10265
10000
10062
10062
10062
10094
9984
10124
10202
10249
10078
9984
10062
10140
9984
10124
10062
10046
9953
10218
10124
10047
9969
10109
10296
10000
10172
10062
10156
10062
10000
10031
10296
10000
10094
10000
10265
10094
10062
10047
10436
9984
10062
10140
10125
10156
9953
10031
10156
10000
10093
10015
10156
10187
10031
10187
10109
10093
10030
10046
10031
10016
9969
9922
9953
9969
9922
10140
10062
9984
10016
10078
10047
10140
10125
10140
10077
10171
9937
10186
9937
10109
10156
9953
9968
9953
9906
9921
10296
10203
10172
10093
10234
9968
10171
10281
10327
10296
10171
9906
10249
10328
9953
10015
10343
10015
9891
9999
10155
10124
10140
10109
10109
9906
10077
9953
10047
9937
10062
9937
9937
9922
10296
10031
10156
9921
10062
9921
10030
10046
93398
93414
10062
10140
10171
9968
9999
10108
10576
9890
10062
10140
10015
10093
10140
9999
9890
9984
10030
9921
10156
9875
10062
9875
9999
10094
9891
9860
9969
10094
12636
10109
10109
10031
10031
9984
10015
9984
10015
10140
10047
9922
9984
10140
9859
10000
10062
10031
10031
9984
10015
9843
9921
9999
9969
9937
9922
9906
10078
10062
10000
10187
10187
9828
10109
10093
9922
9906
9906
10062
9937
9859
10031
10125
9999
10155
10343
9937
9906
10437
10000
9953
10000
10078
10093
10031
10031
9859
9984
10140
10171
9937
10046
10000
10016
9984
9860
14087
9860
9860
9875
9906
9984
9859
9859
9859
9875
9859
10203
10187
10094
10000
9984
10109
10047
10187
10000
9984
10015
9984
10140
9937
10062
10093
10062
10062
10078
10094
10062
10031
10062
9984
9922
9906
10062
9906
9999
9921
9906
10046
10078
10265
10062
10124
10140
10093
10125
9953
9937
10108
10062
10093
10093
10124
10062
10046
10062
10187
10140
10078
10016
10047
10140
10124
10140
10140
10140
10171
10031
10156
10171
10171
10186
10156
10015
10062
10156
10094
10078
10327
10124
10234
10124
10421
10015
10109
10000
10031
10000
10016
10062
10155
10265
10156
10078
10171
10171
10249
10093
10047
10000
10000
10000
10015
10015
10015
10202
9999
9999
10015
9999
9999
10077
9999
9999
10015
10015
10015
10015
10015
10015
10015
10015
10015
10015
10015
10249
10015
10015
14024
10000
10015
10000
10000
10000
10000
10000
10000
10000
10109
10016
10000
10000
10016
10016
10016
10000
10000
10000
10000
10000
10000
10000
10000
10015
10218
10015
10015
10015
10015
10015
10015
10015
10015
10218
10436
10140
10156
10093
10171
10171
12278
10155
10218
10452
9999
10233
10233
10233
10218
10202
10203
10265
10952
10202
9937
10374
10031
10234
10030
9937
9999
10218
10249
10140
10094
9953
10265
10016
10265
10374
10125
10093
10280
10280
10062
10187
10046
14134
14134
10358
10171
10000
10390
10218
10031
10093
10218
10015
10171
10249
10062
10140
10250
10296
10171
9968
10109
10108
10249
10109
10140
10202
10062
13931
10234
10015
10109
10187
10203
10156
10140
10077
10155
10202
10124
10171
10264
10155
13915
13915
10155
10155
10155
10280
13899
10186
10951
10202
13884
10218
10125
10234
10577
10343
10359
10218
10390
13931
13916
10140
10250
10343
10437
10109
13916
10140
10155
10249
10312
10171
10265
10296
10218
10296
10124
10202
10062
10093
10140
10203
13947
10296
10203
10265
10077
10155
10281
10187
10452
10218
10187
10140
10218
10265
10483
11981
10312
10156
10296
10046
10062
10156
13962
10125
10281
10078
10046
10358
13962
10124
10031
10015
10109
10030
10155
10015
13962
10218
10155
13946
10202
10202
9999
9984
10062
10109
10109
10202
10296
10000
9984
9984
10094
13962
13962
10218
13978
10140
10280
10218
10015
10421
10187
10109
10265
10156
10265
10093
10281
10281
10234
10078
14087
10140
10187
10281
10171
10249
10374
10077
10155
10171
10327
10078
10124
10202
10108
10499
10109
10093
13946
10203
13946
10093
10171
10093
10093
10078
10109
10234
10093
13962
10124
10031
10046
10109
10062
13978
10187
10311
10046
10265
10109
10031
10140
10171
10187
10187
10452
10250
10016
10078
10031
10218
10203
9969
10077
10125
10046
10171
10015
10156
10046
10062
10031
10077
10046
10093
10108
10155
10342
10093
10187
10530
10140
10218
10031
10124
10140
10280
10218
9938
10312
9968
10187
10249
10140
10062
10109
10031
10499
10156
10374
10281
10296
10499
10265
10124
10327
10436
9968
10062
10140
10125
10187
10047
10062
10031
10140
10171
10234
10218
10218
10000
9984
10062
10078
9937
10031
9968
10077
10015
10109
10265
10140
9922
10265
10124
10062
9953
10062
9906
10046
10077
10077
10155
10155
10155
10078
10093
9890
10062
9999
9969
9953
10000
10264
10155
10078
10031
10046
10046
10062
10202
10031
10093
10093
10062
10202
10124
10062
10031
10077
10015
10078
10078
10109
10015
10062
10109
10047
10250
10109
10140
10016
10702
10093
10202
10186
10311
10202
10592
10093
10000
10233
10030
10140
10234
10077
10327
10202
10296
10109
10031
10140
10140
10327
10108
10093
10108
10155
10031
9984
10203
10030
10000
10171
10031
10202
10062
10047
10108
12464
10094
10125
10156
10467
10249
10124
10046
10000
10140
10187
10140
10109
14243
9969
10218
10187
10265
10078
10062
9984
10452
10171
10109
10125
10077
9984
10125
10156
10031
10125
10031
10187
10062
10124
10078
10109
10093
10078
36629
10140
10078
10171
10062
10140
10062
10156
10125
10140
10156
10186
10124
9968
10203
10016
10250
10000
10218
10125
10047
10093
10951
10249
10093
10078
10078
10093
10358
10172
10156
10187
10452
10202
10203
10140
10046
10031
10047
10327
10264
10140
10296
10015
10218
9999
9999
9999
10390
10015
10000
10016
10000
10000
9999
12168
9999
9999
10140
10140
10187
10156
10124
10109
10296
10530
10156
9953
10328
10265
10031
9953
10265
10187
10078
10015
10311
9968
10327
10140
10109
10015
10077
10171
10187
10078
10186
10093
10125
10265
10047
10172
10203
10172
10156
10016
10140
10172
10452
10125
10125
10109
10124
10156
10203
10203
10234
10249
10140
10171
10593
10093
10140
10140
10218
10030
10031
10078
10156
10016
9984
10046
10249
10202
10031
10093
10249
10031
10156
10124
10218
10047
10156
10046
10155
10031
10203
10140
10281
10203
10265
10390
10125
10078
10109
10140
10124
10046
10468
9984
10406
10203
10187
10156
10406
10031
10312
10359
10327
10218
10140
10249
10280
10140
10062
10172
10171
10218
10155
10140
10218
10234
10514
10249
10280
10233
10202
10264
10140
10140
12355
10311
10202
10155
10218
10202
10124
10109
10124
10093
10093
10077
10109
10109
10093
10062
10093
10062
10062
10078
10062
10047
10047
10047
10047
10047
10047
10047
10047
10062
10062
10030
10015
10328
10312
10296
10437
10515
10343
10328
10281
10312
10062
10062
10031
10078
10078
10031
10016
10078
10016
10031
10031
10327
10015
10031
10015
10031
10311
10233
10264
10015
10015
10077
10046
10015
10046
10296
10280
10000
9999
10031
10405
10000
10577
10203
10764
10078
10108
10078
10140
10000
10172
10218
9969
10187
10233
9984
10218
10124
9921
10280
10218
10280
10249
10046
9922
10250
10203
10250
10218
10171
10109
10249
10281
10249
10249
10202
9952
10280
10234
10234
10203
9953
9938
10374
10234
10109
10062
10202
10155
10062
10795
10842
10140
10046
10218
10265
10094
10125
10094
9969
10421
10077
10187
10202
10046
10390
10452
10499
9937
10171
10405
10108
10171
10171
10062
10046
10078
10093
9953
9922
9984
10031
10233
10062
10249
10187
10062
9937
10389
10062
10405
10093
10218
10218
10530
9984
10109
10218
10109
10406
9937
10124
10265
10093
10156
10156
10358
9984
9984
10016
10140
10311
10249
10078
10109
10140
10062
10015
10156
10186
9984
10187
10031
10046
10000
10421
9969
10016
10172
10016
10140
10374
10156
10203
10093
10265
10108
10171
10171
10062
10202
10093
10280
9969
10203
9969
9984
9968
9968
10187
9953
9921
9937
10109
9921
10155
10124
10124
10109
10171
9937
10031
10186
10171
10280
10140
10109
10062
10718
10077
10265
10218
10218
10264
9937
9968
9953
10015
9937
9922
10312
10250
10249
10437
10062
10062
10327
10296
9968
9968
10530
9968
9968
10187
10202
9984
9984
10374
9953
9906
9922
10358
10359
10390
10390
10125
10312
10078
10342
10545
10202
10155
10483
10358
10187
10203
10187
12261
10296
10234
10327
10186
10218
10218
10234
10218
10172
10000
10016
10202
10467
10639
10421
10264
10093
10140
10124
10359
10094
10140
10312
10733
10171
9875
10202
10218
9937
10358
9921
9984
10436
9968
10187
10203
10203
10249
10109
10374
10264
10265
9984
10406
10109
10140
10265
10265
10296
9984
10296
10077
10171
10140
10093
10078
10156
9875
10328
10047
10031
10140
9984
10125
10125
10421
9922
9984
9968
10062
10109
10000
10171
10296
10093
10000
10062
10202
10062
10062
10234
10140
10156
10031
10109
10062
9812
9984
10265
10046
10046
9953
9890
10031
10218
10031
10093
10046
10124
9938
10187
10062
10156
10218
9922
9984
10203
10187
9922
10109
10000
10250
10343
10047
10031
10203
10125
10031
10390
10140
10031
10343
10187
10249
10031
10093
10468
10015
9937
9937
9999
10186
10124
10140
10234
10062
10000
10187
9999
10155
10218
10077
9999
10093
10093
10125
10468
10202
10499
10046
10046
9906
10109
9969
10109
9984
10093
10015
10077
10109
9953
10031
9984
10093
10062
10078
10109
10000
9890
9906
10203
10015
9890
10062
10015
10671
10030
10140
10124
10171
10108
10140
10124
9968
10046
9984
9984
10124
10109
9843
9999
10140
10140
10108
10046
9953
10234
10281
9921
10077
9968
10155
10359
10296
9937
9921
9937
9921
9874
9906
10311
9906
10108
10124
10093
10031
10031
10109
10109
10140
10016
10109
10155
9999
10046
10046
10281
10186
10327
10202
10171
10109
10109
10109
10218
10062
10077
10108
10108
10140
10140
10140
10202
10187
10155
10171
10186
12136
10202
10062
10389
10140
9968
38111
9844
9844
9999
10140
10015
9875
9828
11420
9875
10140
9999
9812
10327
10249
10234
10000
10374
10030
10171
10109
9953
10233
9968
10062
9984
10140
10125
10093
9906
9999
10093
10031
10000
12402
9938
10359
10047
10374
10062
10218
9859
10233
10078
10093
10093
10016
10109
10094
10016
9984
10016
10358
10031
10124
10015
9922
10155
10062
9937
10062
10031
10078
10078
10078
10078
9922
10172
10062
9984
9984
10094
10094
9984
10125
10016
9844
10031
10031
10172
10281
10062
10172
9984
10265
10062
9984
9906
10094
10202
10234
9937
10062
10109
10109
10140
10047
10109
10155
10062
9906
9984
10109
9922
10078
10000
10124
10015
10016
10203
10109
10124
10046
9984
9937
10156
9937
9985
9953
10093
10000
10031
10031
9906
10109
10109
10265
10124
10124
10124
10109
10047
10078
10031
10062
10109
10077
10202
10140
10078
9922
10140
10234
10156
10109
10078
10031
10328
9937
9922
10046
10125
10171
10077
10171
10093
10062
10203
9985
10187
37956
10124
10249
10249
10250
10015
10155
10077
10109
10249
10265
10141
10124
10140
10124
10171
10047
10187
10124
10233
10171
10124
10156
10124
10250
10203
10125
10156
10140
10311
10109
10062
10062
10047
10031
10031
10031
10015
10000
10015
10015
10000
10109
16209
12106
10109
12121
10218
10202
10062
10187
10608
10297
10203
10187
10249
10015
10187
10000
10000
10000
10218
10000
10000
10000
10016
10250
10016
10000
10000
10000
10000
10000
10000
10187
10000
10000
10000
10000
10015
10015
10015
10015
10015
10015
10015
10015
10015
10249
10015
10015
10015
9999
10031
10015
9999
10093
9999
9999
9999
10015
10015
10015
10015
10015
10015
10015
10000
10093
10000
10000
10000
10000
10000
10000
10000
10000
10016
10250
10297
10452
10140
10203
10156
10343
12059
10328
10390
9984
10171
10218
10187
10156
10202
9953
10358
9985
10281
10047
12247
10015
10265
10234
9984
10250
10156
10109
10094
10047
10312
10187
10296
10281
10249
11014
10312
10265
10093
10280
10280
10000
10187
10265
10327
10249
10374
10530
10343
10202
10093
10280
10187
10155
10187
10125
10156
10546
10202
10109
10172
10172
10311
10171
10125
10171
10000
10499
10468
10265
10234
10078
10172
10124
10140
10171
10155
10031
10093
10546
10063
10000
10015
10078
10140
10234
10172
10125
10249
10077
10421
10265
10234
10078
10156
10281
10063
10078
10250
10249
10140
10000
10124
10389
10265
10343
10577
10203
10858
10171
10171
10187
10094
10296
14477
16240
10125
10141
10141
10156
10499
10187
10155
10077
10203
10203
11045
10124
10234
10265
10265
10015
10155
10187
10187
10202
10312
10624
10202
10218
10328
10218
10187
10171
10249
10187
10359
10249
10265
10187
10280
10296
10172
10311
10265
10155
10249
10156
10234
10140
10062
10062
10062
10062
10093
10125
10156
10093
10093
10358
10046
10124
10062
10062
10140
10015
10031
10109
10046
10031
10031
10047
10062
10094
10234
10250
10016
10031
10031
10016
10015
10515
10249
10328
12215
10000
10312
10000
10000
10000
10343
10000
10000
10000
10000
10811
10094
10094
10109
10374
10389
10093
10172
10062
10156
10125
10328
10155
9953
10281
10000
10000
10093
10545
10218
10281
9844
10265
9999
10281
10031
11981
9875
10265
10077
10109
10047
10281
9968
10016
10187
10171
9984
10062
9969
10390
10094
9938
10218
10280
10078
10093
9953
9937
10015
10156
9953
10094
10358
10655
10031
10047
10296
10265
10062
10078
10093
10140
9999
10280
10218
10218
10077
10171
10109
10187
10187
10234
10281
10171
10265
10093
10093
10219
10187
11201
10187
10187
10249
10109
10109
10577
10125
10187
10328
10141
10218
10218
9969
9969
10078
10140
10280
10296
10281
10156
10047
10312
10421
10187
9922
10015
10219
10031
10125
10125
10140
10312
10452
10343
9922
10515
10171
10421
9860
10094
9906
9937
10327
10124
10015
10218
10015
10218
10218
10015
10015
10031
10000
10156
10250
10514
10140
10015
10015
10140
10530
10015
10218
10343
10265
10156
9984
10796
10031
9984
10156
10593
10078
10047
10078
10358
9890
9891
10109
10016
10171
10640
10094
10063
10359
10063
10000
10094
9999
9937
10156
10094
10187
10031
10094
10140
10312
10218
12137
10047
10047
10047
10047
10156
10249
10265
9953
10281
10265
10421
38985
10234
10016
10249
10281
9985
9875
10250
10265
10296
9953
10047
10311
10109
9859
10125
10000
10125
10187
10280
10452
10094
10218
10094
10233
10124
9968
9843
9984
10063
10172
10265
10109
10109
10296
9969
9968
10124
10140
12184
9859
10031
9985
10156
10078
10156
9875
10202
12027
9984
9999
9921
10000
9969
9937
9938
10016
10421
10124
10046
9875
10000
9953
9999
10281
10109
10312
10343
9984
14040
9984
10234
10421
10047
16209
9999
10109
9937
9953
10125
10155
10093
9859
10171
10094
10141
10015
10124
10125
10125
10202
10109
9999
10078
9968
10093
10093
10124
10078
10063
10156
10171
9968
10140
10062
9984
9999
10202
10343
39016
10031
10000
10156
10031
10015
10015
10015
10031
10000
10031
10031
9969
10436
10155
10374
10156
10078
10047
10359
10015
9999
10015
10015
10000
10016
10016
10187
10218
10265
10249
10405
10187
10234
10250
10156
10250
10374
9968
10031
10327
9984
10296
10171
10374
10000
10109
10375
10234
10125
10374
10109
10093
10124
10343
10156
9937
10172
10171
10124
10093
10062
10187
10249
9984
10265
10187
10234
10046
10234
10172
10077
10499
9953
10093
10124
10109
10109
10280
10124
10031
9984
10171
10187
10187
10187
10141
10141
10202
10156
10171
10327
10249
10234
10234
10187
10280
10452
10265
10234
10156
10171
10311
10296
10312
10156
10312
10093
10218
10312
10234
10234
10109
10249
10233
10265
10218
10140
10234
10265
10047
10078
10124
10171
10140
10124
10187
10124
10296
10093
10343
10203
10358
10234
10218
10156
10250
10265
10140
10203
10483
10233
10140
10141
10047
10063
10078
10280
10094
10094
10094
10094
10109
10109
10093
10062
10062
10062
10062
10062
10062
10046
10109
10062
10046
10046
10046
10046
10046
10062
10062
10062
10015
10047
10047
10125
10047
10047
10062
10015
10015
10015
10015
10015
10015
10015
10218
10078
10015
10015
10015
10015
10031
10016
10031
10016
10031
10343
10297
10234
10000
10000
10000
10000
10000
10000
10109
10046
10000
10015
10031
10374
10093
9953
10390
10389
10109
10125
9860
10141
10312
10312
10140
10358
9984
10234
10453
10265
9938
10000
10359
9953
9953
9953
10390
10327
9937
10015
10390
9953
10219
10062
9828
10327
9938
9984
9875
9843
10374
9937
10000
10406
10484
10171
9984
10078
10000
9906
10094
9953
10124
10171
9906
10109
10077
10093
10015
9953
9953
9984
10093
10078
9860
10078
10219
9953
9968
10187
10078
9969
10156
10077
10140
9937
9968
9859
10280
10093
9937
10000
9969
10062
9984
9860
9969
10063
10312
9984
9937
10015
10062
10483
10078
10078
10016
10016
10172
9984
9921
10047
10109
10203
9859
9860
10094
9968
9968
9968
9968
10031
9844
9984
9984
9968
10155
10015
10015
10000
9906
10109
10327
10063
10094
10124
10109
10140
10093
10078
9875
10031
9938
10156
10000
9999
10093
10249
9968
10046
9937
9937
9937
10093
10125
10047
10078
9953
9953
9875
10000
10031
9969
10093
10327
10374
9937
9953
9969
10093
9937
10078
10124
10171
10171
10109
9860
10202
10171
9984
10249
10109
10000
9891
10109
10202
10109
10109
10109
10078
10125
10421
10125
10015
10124
10047
10140
10015
10125
10187
10234
10063
10000
10031
10421
10016
10031
10218
10202
9999
10281
10312
9984
10000
10250
10078
10140
10140
10062
10078
10171
9984
10296
10093
10343
10109
10093
10359
10109
10187
10125
10156
10203
10141
10140
9984
10140
10077
10530
10125
10141
10047
10063
10171
9953
10390
10140
10062
10109
10187
10109
10187
15350
10140
10296
10281
10172
10046
10046
10046
10093
10250
10078
10077
9906
10156
10655
9891
10015
10031
10031
9890
10031
10218
10203
10156
12683
10187
9875
10202
10265
10249
10265
10078
10125
10031
10421
9828
10171
10031
10047
10156
10031
10000
10078
10078
10000
10156
10031
10078
10140
9922
10140
10031
10171
10218
9937
10015
9859
10124
10311
10125
10234
10187
9875
10234
10078
10250
10109
9969
9984
10062
10000
10250
12137
10015
9937
9921
10171
9922
10031
10608
10234
9953
9875
9969
9968
9984
10327
10078
9906
10093
10093
10093
10093
10015
10109
9953
9953
9953
9875
10125
10062
10249
9984
9984
9984
9906
10561
9999
10468
10265
10000
10015
9985
10016
10125
10046
10437
10062
10047
10016
9969
10077
10046
10077
10077
12917
10109
10078
9891
10109
9953
10094
10000
10515
10140
10015
10093
10171
10015
10047
10187
9984
10031
10124
10312
10125
10109
10155
39483
9890
9890
10187
9891
10187
10140
10156
10109
10094
10063
9844
10218
10187
10016
10062
10015
9999
10280
10062
10171
10203
10047
10421
10437
10140
10124
10078
10171
10202
9938
9969
10140
10125
10094
9984
9969
9984
10218
10109
10250
10125
10203
9985
10046
10187
10171
10202
10265
10109
10078
10109
10156
10109
10172
10031
10359
10390
10031
10015
10031
10031
10031
10000
10000
10078
10234
10124
10125
9968
10203
9859
10171
10078
10063
9938
9860
10124
10202
10359
10047
10155
10233
10249
10280
10249
10281
10187
10265
9968
10015
10109
10312
10577
9999
10203
10327
10031
10265
10249
10156
10016
10063
10265
10187
9984
10046
10031
10094
10031
9953
10156
9969
9968
10311
10421
10047
10156
9953
10125
9969
9907
10171
10234
9968
10280
10171
10016
10062
10109
10016
10109
10047
10265
10015
9907
10109
9937
10015
10093
9969
10125
10141
10109
10109
9984
9921
10047
10062
10078
10452
9969
10093
10623
10093
10093
10109
10109
10047
10047
10172
9906
10265
10155
10109
10140
9999
9906
10312
10390
10124
10077
10280
10124
9937
10203
10155
10171
10077
10155
10031
10187
10062
9906
10000
10062
10187
10109
10327
9922
12106
10140
10077
10233
10155
10280
10156
10046
10078
10078
9922
10062
10062
10234
10016
9875
10156
10203
10328
9875
10171
10077
10046
9999
10015
10109
10359
10733
10109
10249
10093
10202
10125
10062
10171
9891
10015
9875
10312
10062
10030
9952
10249
9890
10093
9953
10124
9969
10265
10125
9999
10015
10125
9968
10030
9952
10155
10015
10172
10203
10000
10109
10234
10109
10187
10015
10047
10078
10124
10108
10016
10155
10078
9984
10078
12605
10124
10046
10124
10499
10171
10078
10109
10000
10015
10140
10374
10062
10359
10342
10218
10046
10031
10187
10031
10562
10249
10187
10109
10249
10186
10124
10155
9999
9999
10108
10015
10015
10015
10000
10312
10015
10000
10000
10000
10000
10000
10000
10000
10000
10000
10000
10000
10000
10000
10016
10016
10016
10016
10000
10016
10016
10000
10000
10000
10000
10000
10000
10000
10000
10000
10000
10015
10015
10015
10015
10203
10093
10390
10342
10327
10140
10124
10296
10171
12012
10171
10108
10280
10280
10264
10046
10249
10234
10343
10187
10312
10343
10218
10203
9984
10312
9984
10202
10421
9999
10421
10218
10218
9968
10186
10108
10280
10296
10265
10109
10265
10031
10094
10296
10062
10327
10280
10000
10078
10312
9984
10000
10171
10280
10155
10186
10280
10327
10000
10124
10203
10468
10250
10218
10343
10468
10233
10327
10280
10405
10124
10062
10078
9953
10062
10499
10218
10155
10078
10421
10172
10265
9984
10062
10187
10171
10233
10343
10172
9984
10047
10296
10514
10234
10530
9984
10280
10311
10108
10108
10234
10234
10000
9984
10172
10156
10265
10109
10077
10296
10312
10733
9984
10764
10124
10046
10327
10327
10264
10202
10046
10093
10046
10234
10421
10312
10265
10124
10233
10062
10140
10515
10078
10265
10265
10108
10108
10171
10234
10452
10218
10406
10203
9938
10171
9968
10436
10062
10078
10421
10187
10172
10109
10124
10155
10062
10187
10468
10125
10342
10108
9984
9968
10280
10094
10187
10467
10062
10234
10234
10109
10125
10062
10031
10031
10015
10109
10280
10094
10187
10249
10093
10186
10109
10109
10109
10109
12293
10093
10109
10093
10109
10109
10062
10078
10031
10078
10093
10078
10078
10062
10062
10062
10062
10062
10452
10062
10046
10046
10015
10047
10078
10047
10047
10047
10047
10047
10047
10047
10047
10031
10047
10047
10047
10047
10031
10031
10031
10016
10031
10000
10015
10046
10046
9999
10249
9999
10015
10015
10015
10156
10030
9984
10140
9953
10047
10030
10265
10171
9906
10203
10328
10202
10296
10264
9999
10156
10093
9891
12261
10015
10218
10171
9874
10296
10203
10967
10374
9937
9952
10389
10015
10156
10062
10109
10077
10249
9906
9984
10358
10218
10015
10030
9922
9906
10125
10233
10140
10062
10077
10452
10250
9906
10389
10561
9953
9860
9875
9999
10202
10000
9891
10234
10171
10155
10093
10125
10109
10249
10155
9812
10172
10125
10187
10047
10233
10078
10281
10140
10234
10156
10077
10030
10046
10046
10046
10046
10343
12183
10108
10218
10031
10000
10124
9968
10312
9984
10233
9937
10187
10108
10124
10140
9906
10234
10171
11388
10108
9890
9984
10156
9984
9859
10374
10109
10155
9859
10046
10046
10436
10171
10062
10093
9891
10249
10109
10124
10094
10140
10015
9891
9891
9969
9906
10015
10093
10109
10249
10124
10000
10000
9999
9953
9953
9969
9938
10109
10125
39874
9984
10000
10015
10124
10062
10156
9922
10093
9968
10046
10125
10250
12683
10016
10046
10062
12340
10140
10093
10062
10280
10093
10077
10187
10234
10062
10030
10452
9999
9999
10046
9906
10078
10124
10155
9953
10078
9953
10078
10186
10140
10015
10405
12184
9828
10327
10109
10031
10405
10171
10186
9921
10062
9921
14243
10030
10717
10030
9922
9984
10015
9890
9953
10374
10031
10047
10031
10062
10062
9922
10015
10078
10046
9906
9968
10140
10343
10046
10140
10093
10046
10031
10109
10109
10125
10171
10093
10047
10140
10062
10062
9953
10031
10234
10031
10296
9984
10171
9922
10172
10125
10140
10078
10140
10187
10218
9969
10468
10187
10140
10140
10156
9984
10155
10046
10156
10015
10171
10359
10124
10234
9906
10218
9906
9906
10125
9984
16037
10264
10249
10156
10062
10234
10156
10016
10031
10670
10046
10140
9984
10421
10000
10109
10109
10078
10421
10047
9984
10031
10124
10015
10124
10031
10047
10187
10062
9938
10280
10405
9953
9953
10203
10077
10172
10171
9953
10047
10639
10124
10203
10140
10171
10218
10015
10234
10093
10234
10296
10218
10140
10203
10264
10171
12527
10296
10078
9999
10093
10124
10124
10031
10125
10187
10078
14352
10093
10467
9984
10265
10156
10156
10078
10202
10515
10311
10000
10031
10109
10187
10187
10093
10109
10203
10077
10062
10047
9922
10234
10280
10202
10124
10186
10202
10187
10047
10047
10124
10093
10327
10249
9968
10078
10156
9999
10218
10202
10140
10031
10171
10234
10047
10000
10077
10124
9937
10187
9937
10109
10359
10047
10062
10093
10093
9969
10218
10203
10156
10140
9999
10218
9968
9952
10109
10031
10000
10140
10000
9969
10109
10187
10155
10078
10171
10250
10124
10093
10109
10186
10342
10342
10109
10077
10202
10311
10202
10062
10218
10187
10030
10015
10030
10015
9999
10171
10000
10000
10016
10016
10016
10016
10016
10281
10016
10000
10000
10000
10016
10016
10016
10046
10031
10015
10015
10265
10015
10015
10015
10031
10015
10124
10389
10015
10046
10015
10015
10015
10015
10015
10031
10047
10031
10015
10031
10015
10031
10015
10031
10031
10031
10015
10031
10015
10015
10015
10000
10000
10015
10015
10218
10250
10358
10187
10234
10437
10234
10343
10202
10047
10000
10296
10296
10140
10281
10203
10296
10281
10218
9922
10031
10046
10093
10250
10218
10280
10218
9922
10093
9984
9984
9984
10187
10281
10187
10265
10062
10077
10452
9922
10062
10203
9984
10249
10218
10187
10499
9922
10078
10140
10047
10390
10031
9999
9984
9984
9984
9906
10140
10390
10140
9922
10031
10077
10062
10047
10125
10047
10093
10202
10062
9952
10124
9953
9953
10031
10125
9953
10062
10031
9953
10015
9953
10031
9953
10359
9953
10093
10031
10077
10405
10218
10265
10156
10265
10156
9922
10156
10109
10390
10000
10187
9906
10155
10327
10155
10234
10015
10125
10359
10140
10015
10140
10093
10031
10156
12075
10109
10140
10015
10015
10062
10187
10078
10062
9890
10171
10030
10405
10155
10062
9937
10483
10203
10265
10155
10031
9953
10249
10264
10280
10156
10171
11014
10015
10031
10015
9844
9828
10015
9812
10296
10218
10125
10016
9921
10187
10078
10546
10155
10280
10108
10140
10124
10452
10249
10234
10343
10109
10093
10140
10078
10155
10015
10140
10031
10078
10265
10187
10031
10499
10109
10390
10202
10312
10031
9938
10078
10172
10218
10265
14024
10047
10094
10109
9968
10234
10233
10202
10109
10374
10233
10171
10265
10156
10093
10234
10031
9891
10031
10452
10077
10359
10327
10203
9906
9828
10202
10218
10093
10249
10234
10203
10031
10218
10000
10187
10327
10140
10358
10000
9906
10031
10047
9937
10046
10062
10187
10203
10296
9906
10218
10155
10124
10264
10108
10187
9984
10483
10281
10015
10249
10155
10296
9999
10358
10015
10046
10452
10312
9984
10016
10467
10187
10171
10546
10062
10171
10327
10296
10093
10686
10218
10094
10140
10125
9984
10093
10047
10467
10031
9969
10000
9968
9906
10047
10109
10109
10047
10047
10124
10202
10046
10187
10078
10047
10140
9828
10156
9984
9953
10359
10031
10311
10810
9999
10140
12277
10047
10156
10171
10155
10124
10296
10000
10093
9968
9968
10202
9984
10109
10172
10233
10015
10187
10093
10498
10030
10000
10125
10218
10187
10140
10062
10140
10124
10047
10078
10078
10390
10077
10031
10031
10000
10109
10343
10015
10015
9999
9999
9999
10031
9999
10031
10000
10000
10015
10171
9906
10047
10172
12168
9906
12074
10234
10405
10047
9922
10156
9984
10452
9906
10030
10031
10015
10171
10140
10094
10031
10093
9968
10046
10000
10203
10218
10030
10124
10250
10094
12059
10156
10046
10093
9984
10093
10093
10140
10671
10187
10124
10218
10155
10187
10280
9984
9890
10077
10046
9953
10047
9984
10374
10015
9906
10124
10094
9937
10093
10031
10093
10062
10172
10046
9921
12153
10140
9875
10124
10077
9953
10078
10031
9999
10062
10327
10109
10015
10015
10124
12028
10109
12277
10124
10015
10016
10016
10125
9999
9984
9984
9968
10281
10327
9859
9890
10264
12184
12839
9937
9952
12199
9953
12074
12355
12448
12277
40030
10078
10078
10078
10062
10062
10093
10015
10015
10047
9984
10046
10062
10062
10046
10093
10015
10015
10031
10031
10031
10000
10000
10000
10000
10000
10000
10015
10015
10015
10015
10015
9999
9999
10015
10015
10015
10015
10015
10015
10015
10015
10015
10015
10015
10015
10015
10015
10030
10030
10015
10015
10015
14649
9609
9438
16130
8626
20031
8205
8034
40014
19984
40092
40186
19703
40015
39874
39921
39968
39873
39983
40171
39936
16
78
125
40249
125
125
39952
39905
125
39936
39983
39952
78
78
125
93
94
125
39983
188
78
141
40202
124
187
39983
140
125
202
40248
390
188
312
40154
40108
39998
234
39874
172
40186
156
266
296
265
40154
78
187
40186
40076
109
468
250
374
110
39889
375
39873
109
421
172
156
40077
515
437
39937
234
172
140
171
172
39921
234
40093
39889
39968
40108
265
40248
172
124
39998
156
156
281
218
39889
250
312
39999
281
172
40280
40046
39999
172
40015
40030
40045
171
47
40014
39983
40014
187
39967
39951
296
640
40061
40045
156
328
250
171
265
265
219
40076
202
39905
40077
156
172
39952
203
39920
218
39998
203
203
40014
40014
234
219
203
265
40856
202
234
249
218
234
421
219
249
296
40170
219
39983
40139
39858
39983
281
39889
40139
39843
296
40030
40124
343
297
281
359
297
297
40154
296
328
39874
359
234
328
546
249
327
39967
327
421
40061
40045
249
40139
281
39936
250
40077
39936
421
281
40046
327
40061
312
39983
327
39967
405
343
406
344
40093
452
40014
858
390
343
515
359
39983
453
484
40061
40029
40077
406
593
406
453
500
483
717
530
40061
468
453
406
453
452
40139
530
530
421
530
452
40139
468
40139
40154
40045
515
780
40139
40264
40061
40201
40170
687
546
40092
40092
499
483
40155
39999
39968
39983
609
40014
40232
40014
39936
561
577
39936
40029
39999
562
577
577
578
40217
40015
39920
39889
40201
40170
640
655
40046
671
578
686
40092
40014
39952
717
40154
702
40061
702
40046
39968
640
39842
40061
749
39843
624
39999
39999
39999
702
40123
686
39936
733
624
718
749
780
40045
39905
718
39921
780
702
811
40030
811
39905
40030
655
780
702
748
686
40029
39952
39889
40045
718
734
734
39952
39967
764
39952
780
39936
39952
39998
780
40077
874
921
765
827
39842
39921
749
40623
40092
796
827
764
765
843
687
687
827
39983
811
39905
40030
842
842
39874
780
874
733
889
40061
827
827
39936
40092
39951
905
889
842
889
39858
40077
905
812
717
795
811
39874
811
40077
39952
40046
39983
40014
40061
40217
811
39999
734
812
734
827
39905
874
796
40124
40030
796
889
873
40045
40061
826
1060
39983
873
874
40045
811
40045
843
39968
40046
780
39967
780
780
951
952
40108
39968
40046
40046
39998
39967
40029
873
858
889
40014
842
40155
40030
905
858
843
40139
889
1030
889
764
952
40077
40015
40108
890
1029
40076
40061
936
842
40030
39999
40076
40061
920
998
842
40077
936
952
40061
40045
936
951
920
983
1061
998
952
40139
40186
40232
40061
1045
40045
49171
39905
983
983
39983
2168
39983
40201
40201
39998
40030
39890
1139
40232
39998
40061
1030
1139
40046
40030
40295
40202
39937
40014
1029
1029
1092
40014
40014
39983
39967
40092
39999
1076
39983
39983
39967
40030
2418
40014
40015
39999
39999
39999
40014
40014
40014
39999
1155
40124
40046
40295
40108
40030
1139
40139
1138
40045
40045
40061
40030
1155
40077
1154
40092
40076
1201
40076
1155
39952
40046
40092
40108
40155
1139
40107
1201
40123
40123
40155
39999
40092
40139
39983
39999
40124
40154
39952
1170
1232
40685
40077
1248
40170
40170
40014
39952
40185
40185
40185
1279
40139
40077
40045
1264
1264
40061
39983
1280
1280
39952
40124
40342
1279
1310
1310
40061
1264
1295
40124
1294
1279
40076
1232
40139
40263
1232
1263
1310
40014
40061
40045
1295
40077
40045
40279
40045
40108
1295
2512
40061
40295
40186
39998
39983
39983
40279
1295
40186
40186
1248
1357
1357
40108
40170
1232
40357
40108
40092
39983
1342
1373
1342
1326
40202
1560
40139
40139
40139
40077
40139
1357
40139
1279
1497
40076
1404
40279
1326
40123
1357
40155
1388
39936
40123
40092
40030
40108
40295
40327
1342
40202
1436
40030
40170
40076
40217
40123
40154
40186
40170
40139
40092
1311
40202
40201
40326
1341
1435
1419
1435
1357
1341
40139
40092
39952
1342
1436
1404
40202
1388
1419
39952
40092
40076
40248
39999
40092
39983
1497
39967
40201
40154
40155
40233
40077
40030
40077
39983
40108
40030
1591
40295
40124
1450
1435
40061
40139
40139
1419
40139
1467
40046
1482
40076
40232
40076
40186
40046
40202
1497
40092
1513
40139
1544
40607
1513
1513
1513
40279
40108
1513
40202
40139
40155
40171
1498
1529
40092
40123
40201
1575
1607
40248
40202
1545
1575
1606
40154
40263
1607
40513
1607
1591
40108
40076
40170
1607
40186
40280
40264
1654
40185
1591
40155
1622
1638
1654
40249
1607
40280
1638
40014
40232
40186
40030
1638
1716
1638
39999
1700
40263
1731
39999
40435
40217
40514
1685
1700
40232
1701
39999
41028
39998
1716
1748
1748
1763
40045
40186
40435
40435
1841
1716
40061
1716
2122
40154
1794
40185
40154
40076
1762
1778
1747
40123
1841
40233
40139
1809
40123
40498
42338
40155
1810
40139
1763
40123
1825
1794
1794
40123
40123
40077
40061
40139
40186
40202
40436
40186
1794
40155
1841
1810
1810
1825
40108
40154
40092
1841
1825
40014
40123
1872
39983
40248
1856
40030
40171
1919
1841
40092
1872
1888
40186
40077
1903
1903
39967
40061
39952
40093
1904
1965
40326
40202
39983
40107
40123
2044
40124
2013
40108
2028
39983
40139
40014
1981
40061
40170
40123
2060
40108
40155
40108
40030
2075
40045
1981
2153
2106
2184
40279
2106
39983
2060
2013
2168
39983
2090
2168
2137
2122
2106
40170
2121
40139
2090
39983
40123
40139
2168
39999
2168
40123
39936
2075
40093
40155
40015
40015
2153
2121
2231
40092
2215
2153
2168
40061
2169
2216
3120
2262
40108
40139
2215
2293
2325
40233
2403
2433
2480
42042
40420
2527
40467
4774
42167
3853
42635
4056
44211
32136
69920
32152
62
32105
70013
70013
32245
32230
32183
70013
70013
70060
32246
32168
70029
70091
70044
70169
70123
70169
63
70060
70045
32308
69982
32120
32277
32137
32214
218
32292
69982
32370
32245
32261
32323
32214
70060
32293
32293
250
32277
187
32370
70169
70123
219
32308
32214
69889
32245
70294
70091
70044
281
69982
32495
32339
32371
32355
32339
70294
296
32245
32277
32479
70138
296
32308
70060
32277
32324
70248
32355
328
32308
296
70060
70029
70123
32370
69904
32510
343
70028
374
437
32401
32433
32464
375
70092
32386
343
32433
69717
69904
69810
70278
452
69857
32401
32479
437
69935
69935
70372
32589
69858
70435
69795
452
32448
499
32464
32511
32417
468
69826
69904
32464
390
32432
69794
69966
69842
69826
515
32511
32511
32479
468
484
69998
32636
70279
69982
468
69982
70122
32557
69888
577
499
69795
593
69998
32557
593
32589
32620
69951
32620
69904
69888
69966
69701
32697
32635
69857
671
32589
32620
32620
69841
32666
69873
32635
69857
624
69826
561
608
546
69748
592
624
32666
702
670
32573
592
32729
70466
69623
70200
69967
593
69935
32620
32698
686
655
32729
69904
624
70106
69966
639
32729
69732
69935
624
32745
32714
32729
69842
70076
69670
32713
69966
655
686
70138
32760
69951
32714
69904
32760
32775
69763
733
69654
69919
69607
32760
32713
733
32776
764
70169
32729
718
32713
69904
32791
69717
69732
69841
32729
32729
69685
70154
70325
32698
733
69826
69951
780
718
32885
32775
32822
69888
32744
686
32823
69857
811
32776
70076
32854
69904
32807
32791
69763
811
32807
32838
69764
32776
32979
32885
811
32822
32775
32916
32869
69763
32869
733
858
69857
764
858
702
32807
69780
69936
843
843
69842
32823
32948
69810
827
32869
32854
842
32823
69826
765
687
69639
32838
858
32853
811
764
842
32807
69795
32994
32885
69826
32823
874
890
796
69702
32838
32869
69701
69826
858
32900
858
967
69654
795
69842
69717
32870
32948
32947
873
795
32853
32994
69748
32947
32885
826
795
1060
69764
764
796
69748
69686
920
69701
69545
69810
69390
936
812
32948
32854
69421
811
858
32854
32994
32870
983
69748
69764
33041
32948
843
32854
32948
32994
69420
32963
69935
32979
32994
69717
32901
936
905
858
952
983
69858
32994
905
69701
889
69467
69436
32978
858
69732
33026
70106
69654
858
69841
33009
920
33072
69608
1014
33073
1046
69451
33072
951
33056
69889
33088
936
967
69607
33103
33056
33072
69608
33057
33088
32995
33088
69577
70231
33166
33103
69529
69529
69748
69779
1014
33103
69764
33119
1092
1045
33119
33119
33103
33166
69592
69795
1046
1030
69717
1045
1092
69623
69561
69311
33104
69530
33244
33213
69530
33119
1092
1092
69545
69607
33291
69483
69608
69374
33213
1092
33166
1154
33181
33181
1154
1108
33182
33197
69576
69529
33150
33197
69420
69716
33212
69888
1201
33213
69374
69420
33338
69530
69577
1139
33213
1217
69639
69451
33244
69498
69311
1201
69389
69452
1295
69561
33182
69467
33228
69545
33275
33259
33197
69716
33275
69451
1201
33259
69576
69358
69452
33291
33306
33290
69607
1310
69452
69514
33213
69265
33260
33322
33447
33337
33337
33306
69716
33290
69810
69545
69530
1279
33384
33353
69764
69452
33353
1373
69374
1311
33212
33322
1295
69451
69607
33290
33416
69608
69514
69405
33369
1311
69514
1341
33337
1341
1326
69404
69529
69498
33321
33587
33368
69763
33415
33384
69639
33322
69374
69420
33416
69530
69390
33307
33400
69858
69327
69342
69202
33400
33322
33400
69514
69810
69358
1357
69327
33416
33416
33369
33369
1357
33431
69483
33368
1388
33337
33368
69342
33290
33368
69592
33322
69639
1404
1373
33415
33415
69312
69280
69358
33447
69249
33322
1451
1451
33400
1435
69374
68953
69904
69779
68937
33400
68921
69296
69545
33353
69685
33431
33212
33275
1544
1435
69592
1451
33353
33556
69421
1451
68859
33368
33431
1467
33462
69374
33182
33338
33181
68843
68968
33337
33431
69389
33353
33462
1435
33353
33306
69498
33478
33306
69717
1466
33369
33416
1498
69452
68703
33260
69452
1514
69405
33197
33260
69031
69093
33291
69296
1498
69062
33572
33400
33322
1497
1529
69451
1497
33244
69389
1545
33447
69249
33165
69373
33446
69326
69014
33290
33399
68921
69280
33478
33353
68562
68625
69498
33415
69389
33431
69748
33306
69343
33619
1545
33119
69405
33478
33431
33509
1529
69077
33244
68999
69217
1622
68796
68968
33416
1638
68547
1623
33462
33462
33416
69155
69248
33462
69358
68999
1575
33431
33212
33462
69139
68999
68703
33525
33337
68750
1591
33525
69140
68890
33337
2324
33166
1576
68797
1623
33541
33353
33369
1623
1638
69093
68890
33181
68625
33509
33431
33228
33431
1623
33368
68609
33540
33665
33462
33337
33555
68546
68812
69483
68640
68640
69748
68999
33384
33462
33119
1669
33400
68672
33229
68844
68984
69187
68922
68672
68532
68890
33400
33213
68703
68952
71979
33649
33446
68827
69358
68531
69108
33228
33400
33509
1685
33431
1701
68936
68687
33290
33197
33228
33275
1716
33275
33181
33197
68671
33399
68578
68812
33290
68983
33415
68687
33384
33197
33571
68734
1732
33805
1716
68781
33821
69156
68797
33338
33338
68703
1748
33275
33182
1748
68562
33259
33384
69498
68734
33244
69139
33338
68781
69140
68828
68812
68828
33321
33212
68952
33087
68890
33243
68578
33399
68609
33493
1810
69030
33306
33369
33259
33275
33353
68719
33463
33400
68906
33463
33260
33556
1810
33494
68734
33541
33306
33353
68983
68671
33010
33868
33353
68687
33135
32979
68687
68563
68921
33228
33353
68702
68593
33259
68609
33431
68578
68905
33337
68656
33322
33415
33259
1794
33291
33151
68532
33634
33353
33228
33509
33181
33322
33415
33088
33181
33072
33260
68594
1888
33306
68687
1857
33369
33150
33618
33399
1934
33337
68703
33400
33306
33197
33478
68828
33306
1888
68625
33400
68547
33556
33322
33353
69031
33307
68563
33119
33446
34024
33946
33290
1997
33306
69030
33088
33369
33104
1981
33758
68656
1965
1934
33243
1981
1965
68796
2012
33290
33197
33197
33259
68703
33463
33229
33463
33244
68656
68671
33134
68671
68718
68671
68750
33431
68687
33150
68781
33213
33587
68687
68734
68702
68765
68718
33212
33228
68781
33259
68718
68718
68718
33135
68719
2106
2060
33587
68734
68750
68718
68781
33134
68750
33291
33182
33275
68734
68797
2137
2075
33680
33197
68765
2106
33431
33259
2090
33244
68687
2090
68796
68765
33213
68781
33025
33275
33135
68812
33962
33322
33260
68812
68796
33259
68827
33400
68656
68812
68656
69421
2200
32261
68828
68843
68749
68859
68874
68859
69000
33104
33244
33338
68672
68890
32822
68656
68874
33134
33197
68874
2262
33353
33306
68812
68578
33306
68890
68719
33353
68624
68905
68905
68843
33353
32994
33337
2246
33072
68937
33041
33181
2231
68921
33353
33369
32963
33385
68953
33353
68890
68937
69000
70372
68922
68734
68656
31996
33369
2262
68937
2247
33338
68937
68531
68718
33259
68640
32370
68968
68547
33416
68968
68984
68687
31044
2278
68734
68703
33306
33243
2277
68765
31637
68656
68500
33337
68952
68640
2262
32979
68890
68999
68812
2340
68874
69015
68797
68875
68766
33073
68547
68610
33228
69046
68640
68718
2340
33806
68890
2356
68578
68749
68640
33493
2386
68484
68936
31824
2886
69077
68625
68718
68921
68765
33447
68952
68484
2356
34960
2403
2403
68610
68625
33572
2325
68749
33368
68719
2403
68641
68640
68749
68718
68952
2449
68546
68952
68780
68609
2434
68609
68828
68532
68454
2403
68562
68890
68469
33181
68765
2465
68593
2418
2465
68687
68734
68687
69218
2465
2481
68656
68531
2480
68718
68609
68828
68718
68640
68609
2465
2512
2496
68766
68719
68610
68688
68610
68890
68734
68515
2480
2496
68593
2527
68859
2543
68578
68734
2527
68578
68765
68563
68781
68765
68828
68702
68702
68718
68656
68702
68609
68344
68765
2559
68625
68719
68734
2543
68563
2527
68437
33821
68718
69202
68484
68500
2558
68563
68485
69108
2589
2574
68656
68687
68656
68937
68859
68360
68531
68797
2621
68797
2636
68734
68531
68687
2714
68500
68329
68485
2637
68625
68672
68687
68141
68640
68484
68125
68437
2636
68640
2668
68079
68796
35365
68812
68609
35272
2652
68422
68563
68547
68594
68532
68750
2715
2730
68422
68157
2636
68905
2683
2714
68781
2714
68453
68531
2746
68609
68749
2698
68547
68562
68328
68406
68952
68484
68344
68469
68438
68328
68125
68515
68578
68141
2730
68563
68375
2824
68282
71635
68437
68656
69061
68765
2808
2792
68328
68453
2792
68220
68204
68376
68282
68266
68126
68874
2808
68219
68719
68531
68313
2886
68203
2808
68188
68344
68376
68313
2902
2840
68329
68297
68219
2917
2871
2886
68048
2870
68624
68219
68843
2902
2917
68235
68750
2902
2886
68220
68422
68110
2918
68391
68220
68718
68157
2933
68157
68827
68125
68173
68282
68469
68297
68173
2949
69030
68359
68375
2948
2995
68250
68360
68282
2964
2948
68297
35506
68172
68298
68453
68406
67891
68937
2995
68360
68157
68188
68204
68344
68827
68156
67829
68172
67829
68344
3058
68220
68438
68188
67954
3042
35381
3057
3104
68157
68391
3057
68094
68251
67876
35319
68266
67767
68110
68001
3120
68266
68313
68219
67954
68048
68266
3104
68235
68235
67658
3105
67642
68172
67907
68141
68219
68203
3135
68188
67767
67907
67720
68375
68297
34179
68125
68203
67798
68422
68453
68718
68204
68126
68422
67626
67985
68016
67908
67705
67923
68251
68266
67876
68250
68001
67751
67767
68172
71433
3198
3198
67392
68079
67736
67408
68079
3198
67829
69265
67970
68563
68032
68843
67424
68063
68016
68001
67330
68001
3245
68110
67798
67751
3292
67954
67845
67876
67424
67237
67314
67704
3276
67626
67891
3291
67439
67657
67829
68204
3338
67845
67112
67143
67408
67861
67798
67860
67345
67158
67345
67501
67813
67470
67876
3338
67861
3307
67627
3339
3339
67783
67845
68297
67033
68671
3369
67189
68063
68438
67751
67907
3338
68609
67486
67954
67455
3385
66862
67455
67564
67392
3354
68125
3417
3401
67221
67564
67580
67065
66815
67720
67330
67501
3401
3416
67580
67595
66706
68391
67658
67486
3479
67892
66394
67423
3463
67267
67377
67143
68235
66893
67502
67268
67330
3448
67189
67283
67189
3463
3510
3447
65723
66488
67221
67626
67080
67424
66924
67845
67034
3494
68219
65817
66956
3464
3526
67470
67189
67205
3525
65707
67283
67299
3510
67283
66628
66550
66925
68063
66472
3541
68484
67080
3557
67221
66784
66831
65786
66800
67174
67549
65802
67081
67705
67159
67002
69139
3588
65832
65629
67221
65614
67049
67346
65833
65801
67174
65833
67315
65848
65863
66862
35241
65832
66628
3619
3604
3604
65661
66145
65895
66192
3635
3650
65676
65895
65692
3635
3666
65910
67080
3651
3666
65723
65926
65941
65941
65957
65723
67860
3682
3713
65739
65973
3806
65988
65957
3697
65957
65801
3713
65770
63820
67111
3744
3728
3744
65801
65786
65801
65817
65833
65817
65863
65848
3791
65723
61402
65848
65848
3822
67376
3822
3838
3822
3822
65864
68220
61153
3822
66894
65895
3869
65910
63805
65926
3853
3884
65957
3900
3884
3900
3869
3900
61636
3916
3885
63056
70918
66067
62650
3993
4009
4040
71059
68017
66160
4025
66160
4040
4056
70902
4103
4118
4118
4103
37160
4149
4165
66316
70902
4196
4243
4212
35818
4228
4275
4290
4290
4305
4305
4305
4275
4321
4368
4353
4383
4353
4399
4415
4400
4446
4430
70278
4493
4540
4540
4524
4618
4648
4617
4633
4712
4695
4695
4805
69982
4805
73789
4867
4836
4867
4820
70450
4899
4867
4945
4883
70247
4961
4898
4946
4836
4836
4945
4945
4930
4930
5039
72603
4961
5023
5039
4992
5039
70248
5024
5023
5039
5054
5023
5101
5148
69311
5148
5257
5179
5242
5195
5273
5211
5257
5226
5257
5273
5319
5335
5366
5366
5366
5413
5413
5414
5414
5460
5351
67876
60247
5414
5445
5460
5413
5429
5429
5445
5413
5444
5523
5507
5460
5553
5460
5538
5569
5538
5600
5538
5522
5647
5522
5538
72852
5538
5584
5662
5584
5600
5585
6099
5725
5678
5678
5725
5663
5772
5741
5741
5741
5819
5756
5803
5725
5788
5787
6037
5788
5788
5804
5819
5757
5835
5819
5788
5850
5866
5881
5943
5881
5928
5865
6427
5943
5990
5959
5991
5960
5943
6021
5959
5990
6006
6021
6038
6022
6053
6084
6131
6131
6115
6177
6147
6193
6177
6193
6193
6193
6225
39547
60201
6240
6271
6240
6255
6271
6224
6272
6318
6318
6302
6287
6287
6287
6302
6318
6318
6286
6333
6365
6334
6365
6333
6396
71744
6380
6396
6380
6412
6381
6412
6396
6505
6411
6927
6427
6490
6443
6443
6490
6537
6490
6489
6521
6521
6567
6552
6521
6537
6583
6584
6645
6615
6630
6630
6630
6646
6693
6645
6692
6771
6677
7707
6740
6739
6724
6786
6770
6724
6786
6833
6801
6817
6786
6895
7269
6817
6832
6895
6849
6833
6848
6864
6864
6880
6833
6879
6864
6880
6864
6926
6895
6895
6958
6911
6958
6958
6942
6989
6973
7035
6988
7020
7067
60138
7098
7113
7113
7098
7114
7208
7301
7160
7207
7176
7176
7208
7223
7239
7269
7238
7254
7254
7286
7269
7301
7285
7316
7285
7363
7347
7363
7348
7347
7378
7378
7363
7395
7410
7457
7410
7379
7441
7488
7394
7456
7456
7394
7394
7457
7441
7472
7394
7394
7426
7457
7442
7410
7519
7473
7457
7519
7441
7441
7551
7457
7520
7520
7472
7535
7457
7519
7629
7519
7473
7535
7488
7550
7504
7504
7504
7504
7488
7504
7504
7644
7629
7613
7519
7597
7566
7675
7519
7582
7519
7628
7550
7535
7613
7644
7551
7551
7597
7659
7566
7566
7566
7566
7628
7582
7691
7598
7582
7691
7613
7706
7675
7738
7660
7613
7722
7612
7612
7706
7628
7738
7722
7644
7644
7800
7644
7691
7660
7769
7800
7847
7660
7706
7800
7691
7816
7738
7738
7831
7800
7722
7707
7831
7707
7707
7769
7785
7862
7815
7815
7722
7800
7816
7956
7738
7785
7925
7754
7754
7785
7769
7785
7816
7847
7816
7846
7862
7862
7847
7847
7878
7910
7863
7831
7909
7847
7909
7956
7894
7894
7925
7971
7909
7972
7956
7972
8190
7972
8003
8019
7956
8034
8034
8112
7972
8253
8050
8034
8018
8065
8081
8206
8002
8096
8081
8065
8050
8081
8081
8081
8034
8097
8097
8127
8065
8127
8127
8034
8096
8159
8143
8097
8127
8112
8143
8143
8096
8096
8128
8112
8144
8237
8127
8159
8143
8143
8143
8159
8190
8222
8206
8174
8190
8175
8097
8127
8236
8127
8096
8206
8252
8112
8128
8175
8127
8315
8237
8268
8221
8128
8284
8222
8331
8393
8330
8284
8159
8159
8128
8253
8175
8284
8284
8143
8455
8143
8330
8331
8315
8315
8331
8144
8144
8191
8315
8253
8253
8315
8284
8143
8299
8456
8159
8144
8315
8159
8346
8268
8315
8222
8144
8346
8174
8315
8159
8300
8471
8362
8409
8346
8346
8330
8409
8518
8205
8439
8502
8502
8252
8377
8361
8284
8533
8284
8268
8611
8471
8300
8518
8269
8347
8221
8408
8549
8252
8377
8362
8534
8378
8362
8346
8487
8534
8378
8315
8439
8268
8564
8315
8377
8299
8284
8331
8378
8331
8425
8518
8440
8424
8440
8252
8471
8408
8315
8315
8518
8315
8549
8315
8502
8330
8361
8705
8565
8409
8518
8393
8362
8378
8408
8440
8315
8533
8284
8487
8268
8378
8362
8393
8393
8721
8362
8284
8377
8393
8487
8424
8659
8424
8440
8409
8705
8393
8346
8393
8674
8409
8346
8455
8471
8549
8393
8455
8424
8393
8456
8705
8440
8518
8612
8533
8533
8486
8486
8455
8455
8627
8502
8502
8627
8627
8534
8642
8549
8846
8751
8549
8705
8596
8596
8611
8720
8642
8658
8674
8674
8658
8643
8658
8658
8690
8736
8736
8752
8659
8659
8720
8736
8721
8752
8767
8751
8751
8751
8783
8783
8752
8815
8705
8783
8783
8767
8954
8830
8924
8783
8814
8861
8893
8830
8877
8815
8815
8830
8767
8892
8846
8814
8861
8876
9765
8907
8876
8751
8985
8798
8923
8861
8923
8877
8814
8861
8923
8767
8908
8893
8893
8971
8861
9734
8830
8861
8908
8846
8892
8845
8861
9001
8783
8986
9001
8877
9001
8970
8892
8877
8877
8955
8939
8970
8814
8986
8939
8892
9032
8986
8846
9033
8892
8924
8970
8970
8923
8955
9033
9095
8955
8955
8908
9064
8954
8986
8924
8861
8939
8908
9001
8877
9017
9017
9017
8955
9063
9001
9142
8986
9033
8908
9064
9049
8955
8939
9032
9001
8955
9048
9204
9048
9048
9173
9017
9017
9001
9001
9095
9095
9079
9095
9126
11373
9017
9079
9157
9079
9063
9095
9095
9111
9079
9127
9126
9095
10140
9080
9189
9142
9095
9126
9236
9001
9017
9188
9188
9079
9158
9189
9127
9173
9235
9095
9298
9158
9173
9079
9173
9126
9079
9157
9235
9236
9127
9204
9173
9095
9188
9095
9095
9079
9126
9188
9142
9266
9204
9219
9204
9157
9188
9204
9219
9126
9126
9110
9126
9204
9126
9173
9126
9267
9329
9781
9485
9219
60044
9267
9376
9235
9205
9392
9579
9329
9329
9235
9251
9454
9314
9344
9329
9391
9345
9361
9329
9344
9376
9376
9391
9578
9360
9297
9407
9391
9391
9423
9423
9454
9376
9329
9376
9454
9375
9438
9672
9438
9438
9501
9470
9470
9392
9516
9407
9438
9438
9547
9547
9532
9516
9485
9532
9454
9501
9501
9485
9391
9454
9766
9579
9485
9485
9563
9532
9500
9422
9547
9500
9422
9485
9516
9610
9516
9391
9391
9703
9407
9579
9657
9657
9563
9438
9516
9438
9407
9547
9610
9422
9422
9625
9657
9594
9407
9407
9548
9595
9766
9532
9688
9641
9532
9485
9563
9423
9610
9454
9438
9641
9579
9672
9454
9516
60122
9578
9657
9859
9672
9735
9454
9766
9469
9610
9516
9703
9641
9688
9656
9704
9626
9657
9548
9656
9500
9672
9781
9641
9688
9641
9688
9735
11966
9563
9703
9594
9516
9688
9657
9516
9641
9703
9641
9672
9578
9578
9610
9781
9750
9594
9532
9657
9625
9688
9532
9703
9656
9688
9812
9656
9766
10702
9594
9719
9875
9641
9578
9859
9719
9687
9657
9828
9703
9657
9641
9610
9781
9719
9610
9750
9625
9734
9750
9625
9703
9656
9625
9782
9673
9797
9641
9641
9641
9656
9656
9641
9703
9688
9719
9750
9735
9735
9657
9828
9797
9672
9719
9719
9828
9922
10858
9782
9704
9704
9704
9704
9813
9735
9797
9766
9828
10889
9829
9891
10000
11856
9812
9890
10031
9844
9797
9906
9953
9860
9875
9860
9922
9969
9875
9968
9937
9859
9906
9984
9985
9922
10062
9969
9984
9968
9875
9953
9953
9906
10031
10000
10078
9938
10015
9953
9937
11123
10078
10016
10016
9922
10016
9953
10031
9969
10015
10078
10047
9953
10031
10031
10016
10015
10078
10031
10171
10015
9969
10047
9953
10000
10093
10031
10078
10062
9969
10234
9953
10047
10078
10062
10000
10062
10031
10140
10125
10421
10046
10109
10203
10156
10078
10047
10047
10062
10125
10047
10109
10000
10047
10140
10124
10015
10156
10000
10000
10234
10000
10000
10000
10141
10016
10281
10234
10000
10078
10078
10000
10296
10000
10000
10000
10000
10171
10171
10031
9999
10218
10125
10234
10187
10156
10203
10016
10016
10000
10000
10000
10156
10140
10140
10031
10187
10187
10016
10016
10016
10094
10156
10000
10000
10296
10062
10015
10140
10202
9999
10202
10015
10015
10000
10000
10000
10016
10219
10000
10172
10187
10156
10000
10234
10109
10171
10124
10234
10234
10000
10000
10000
10156
10000
10187
10109
10156
10358
10265
10249
10249
10281
10328
10343
10015
10296
10000
10000
10406
10374
10046
10155
10374
10125
10156
10218
10000
10109
10265
10359
10203
10015
10000
10000
10265
10390
10016
10343
10311
10047
10249
10203
10031
10031
10249
10312
10328
10296
10093
10281
10421
10078
10389
10249
10281
10593
10234
10203
10187
10328
10265
10218
10312
10281
10250
10234
10265
10343
10249
10234
10234
10343
10218
10203
10218
10250
10218
10218
10202
10187
10187
10202
10202
10452
10171
10171
10155
10155
10140
10140
10140
10109
10109
10093
10093
10047
10047
10031
10015
10015
10000
10015
10016
10000
10312
10733
10436
10624
9969
10467
10156
10421
9922
10016
10156
10125
10140
10141
11107
10218
10187
10109
9999
10093
10062
11841
10124
10281
9999
10047
10109
11762
11732
10140
10000
10172
10733
10172
10328
10031
9938
10109
10686
10140
10000
10156
10046
10062
10359
11763
10047
10016
9953
10281
10031
10375
10047
9859
10593
10312
9953
9859
9985
10312
9985
9906
10140
10187
10000
10155
10125
9984
10140
10124
10202
10156
9984
10093
9999
10047
10062
12043
12106
10203
10218
10218
10312
10171
10047
9938
10390
10218
9999
10233
10109
10078
10031
10234
10265
10031
10031
10343
10078
10172
10312
10328
9922
10016
9843
10452
9953
10047
10483
10109
9969
9860
9984
10000
12262
10202
9922
10047
10359
10062
9968
9969
10031
9984
10015
9984
9907
10171
9999
9969
9875
10016
9922
9984
10016
10093
10203
9985
10047
10094
10094
10047
10250
10016
10140
10156
10109
10000
10016
9922
10141
9984
9938
10047
9921
10031
10078
10031
10327
10046
10000
10062
9968
10031
10046
10374
10109
10109
11981
12683
10015
10047
10140
10062
10062
10063
10124
10202
10343
10031
10047
10093
10172
10140
9875
10234
10405
9984
10171
9875
10062
10218
10031
10015
10312
10202
9937
10250
10031
10187
10265
9984
10000
9937
10031
9984
10000
10374
10109
10000
9953
9984
10031
10468
10140
10140
10187
10421
10109
10187
10047
9922
10031
9969
9985
10078
10514
9922
10046
10109
10624
10125
10172
10468
10141
10031
10094
10078
10094
10000
9906
10109
10218
10062
10484
10046
10124
10094
10078
9829
12012
10031
9828
9921
9984
10125
10140
9844
10078
10000
9969
10156
9875
10062
10249
10078
10124
9968
10156
10109
10296
9984
10234
10046
10000
10483
10359
10202
10031
10062
10031
11871
10094
10094
10031
10031
10156
10172
10265
10141
12277
10093
10156
10218
10203
10187
10296
10249
10125
10437
10375
10328
9922
10000
10234
10016
10233
9953
10359
10374
10171
10047
10250
10249
10265
9813
10094
9999
9999
10140
10077
14430
10343
9922
10140
10359
10109
10515
10405
10062
10421
10016
9843
9953
11949
10000
10078
10047
10000
10046
10156
9953
9984
10124
10093
9985
10468
10000
9937
9953
9969
10109
9984
10203
10031
10031
10015
10047
10047
10047
10265
10109
10078
10077
10078
10109
10156
10000
10015
10093
10202
10250
10078
10077
10015
10093
10093
10093
10000
10000
10156
10000
10000
10000
10156
10015
10109
10000
10312
10109
10171
9999
10093
10218
10125
10281
10000
10172
10203
10156
10156
10203
10000
10016
10156
10015
10171
10171
10031
10202
10062
10031
10249
10156
10062
10187
10234
10265
10078
10078
10093
10156
10093
10093
10093
10062
10078
10094
10250
10187
10265
10234
10593
10343
10390
10140
10140
10140
10062
10125
10156
10156
10156
10125
10141
10109
10141
10109
10156
10234
10125
10078
10141
10125
10109
10109
10047
10078
10063
10109
10078
10062
10046
10093
10015
10062
10171
10046
10062
10015
10124
10031
10015
10312
10234
10343
10296
10328
10250
10343
10499
9953
9953
10358
10077
9937
10374
9922
10437
10109
10374
10094
9937
10031
10686
10093
10483
10125
10437
9969
10031
10468
10202
10515
10390
10062
10047
10483
10047
10250
10047
10031
10187
10031
10249
10156
9906
10140
10187
10015
10608
10171
10156
10312
10109
9860
10140
10140
10094
10125
10125
9984
10155
9828
9875
10156
10156
10218
10125
10078
9875
9828
10000
9843
10171
10156
9843
10171
9937
10172
9875
10172
10062
9843
9999
10155
9968
10156
9859
10000
10125
9844
10484
10156
10047
10078
10093
10187
9844
10234
10109
9953
9875
10015
10265
10046
10140
10203
10078
10078
10125
9875
10016
10016
9860
10312
10047
10047
9984
10873
9999
9875
9843
10374
10156
10047
10140
10015
9953
10077
9843
9999
10093
10234
10031
10140
10015
10109
9844
10172
10031
9860
10046
9859
10155
10077
9890
9843
9969
9984
10140
10015
10015
10311
9953
9984
9953
10468
10046
9984
9999
10124
10670
10031
9999
10124
10093
10031
10343
9999
9999
10000
10062
10000
9984
10203
9969
9938
10233
9968
10234
10031
10093
10108
10405
9984
10077
10109
10187
10125
10156
10265
9938
9922
9922
9875
10031
9922
9875
9922
9891
9922
9891
9875
9922
9906
10047
9922
10140
10187
10062
10062
10031
10030
10218
10108
10093
9938
9953
9938
9953
9938
9938
10125
9938
10062
10093
10140
10155
10265
10125
10374
10202
10108
10077
10233
10140
10124
10124
10109
10187
10140
10467
10202
10389
10171
10077
10046
10203
10218
10077
10108
10046
10545
9859
10218
10062
10094
10124
9937
9843
9781
10125
10187
10296
9891
9906
10030
10140
9984
10015
9859
10327
10016
11997
9813
9843
9890
10140
10249
9999
10062
9937
10468
10234
9719
10124
9921
10077
9718
10171
9781
10280
9937
9844
10530
10156
9938
10421
9875
10202
10187
9859
9750
9750
9750
9891
9922
9891
10015
9906
9937
10358
9953
9906
9781
9921
10171
9797
9890
10124
9828
9828
9844
9797
9999
9797
10109
10000
9953
10093
10000
10030
9952
9828
10078
9953
9937
9969
9969
9953
10015
9828
9921
9984
9890
9906
10015
9937
9890
10000
9875
9969
9999
9937
10031
10015
10171
10108
9968
10015
9859
10109
9984
9781
10000
9922
10000
10078
9969
9969
10015
9843
10015
10109
9781
10047
10140
9766
10062
10233
10155
9843
10015
10093
10062
9781
9906
9999
9875
10156
10031
9797
9844
9984
9968
9906
10125
10031
10077
9999
10015
10031
9766
9875
10140
9984
10031
10000
9984
10296
9891
10140
10155
9890
9875
10031
10249
9984
9890
10436
9968
10015
9766
10031
9844
10202
9938
9938
10218
9953
9843
9984
9797
9937
10108
9999
9906
9859
9906
10327
9937
10000
10312
10124
10047
10062
9891
10062
9999
9828
9890
9984
10031
10000
10203
10016
10234
10031
10000
10000
9953
9906
10015
9937
9906
9906
9968
9984
10467
12511
9953
10000
9922
9968
10125
10062
9984
10000
9984
9906
10031
10171
9922
10062
10078
10249
10062
10093
10030
10155
10343
10094
9781
10031
9984
9874
10015
10124
9999
10140
10078
9906
10187
10156
10156
10094
10016
10171
10187
10125
9891
10249
9890
10250
10000
9828
9937
10031
9906
10062
11934
9874
9828
10218
10499
9860
10015
9999
10031
9828
9859
9953
10046
10093
9937
10249
9766
9719
9969
10000
9984
9734
9859
9719
10094
9875
9735
9953
9875
9953
10155
9828
10062
9906
9890
9953
9891
10156
10421
10031
9844
9984
9828
9890
9968
9968
10280
9734
9844
9953
9875
10358
12059
9844
9828
10389
10124
10015
9906
9813
9813
9921
9859
9937
10062
9875
9922
9844
10062
10109
9921
9843
9875
99934
10218
9874
10249
9874
9874
9953
9984
9890
9922
9906
9813
9906
10030
9765
9952
9859
9968
9921
9953
9859
10280
9953
10015
10031
10000
10047
9969
10078
9781
9891
9797
9906
10046
10077
10046
9890
9797
9969
9890
10109
9875
10000
9859
9968
9999
10155
9984
9999
10202
9906
10327
10078
10000
9984
10000
10640
9953
10140
9953
9984
9968
9890
9875
9984
10234
9968
10046
9984
9937
9999
9984
9921
10000
10093
10265
9969
9828
9860
9860
9969
10000
9875
10077
9953
10062
9843
9843
10047
9891
9984
10078
10062
10000
10811
10000
10047
10031
9953
9984
10109
10047
9969
10047
9922
10030
10405
10093
10046
10016
10156
9984
9984
9984
10062
10140
10124
10062
9984
10093
10062
10093
10093
9937
10156
10249
10156
10171
12075
10109
10155
10171
9999
10234
9812
9906
9953
9797
10187
9984
9937
9813
9937
10171
9984
10062
10202
10218
10218
10218
10233
9813
10281
9953
10171
10171
10186
10093
10218
10000
9891
9984
10016
10328
9969
10015
9953
10046
9906
10296
10093
10311
10062
10280
9953
10140
9906
9891
10016
10015
10124
9984
9859
9875
9937
10062
10031
10000
10016
10062
9875
9937
10062
9999
10046
9999
9968
9952
9937
10078
10047
10124
10140
10031
9984
10202
9921
9984
10202
9984
10140
10109
10015
10140
9953
9984
10062
9969
9969
9984
10249
10015
9953
9968
10311
10124
9984
9968
10031
9984
10140
10015
9968
9969
10047
10046
10280
9999
10046
9999
10015
10156
10031
10296
10218
10077
9999
10296
10109
10000
10265
10047
10047
10015
10077
10093
10108
10046
10015
10296
10171
10047
12293
10000
10031
10062
10000
10109
10046
10077
10031
10093
10062
10342
10062
10124
10015
10093
10093
10093
10031
10031
10031
10031
10031
10031
10031
10109
10047
10140
10234
10077
10218
10093
10343
10186
10093
10155
10202
10156
10172
10405
10093
10125
10218
10109
10093
10078
10109
10093
10078
10078
10078
10047
10047
10062
10062
10077
10202
10202
10202
10187
10250
10218
10249
10077
10093
10077
10046
10046
10077
10701
10093
10046
10030
10062
10046
10046
10296
10249
10046
10031
10187
10031
10031
10016
9984
60061
9984
10125
9984
10156
9984
10171
10327
10327
10015
10171
10484
10233
10374
10015
10093
10015
10296
10078
10031
10202
10046
10015
10015
10015
10015
10015
10140
10015
10015
10015
10327
10015
10015
10015
10639
10109
10000
10343
10171
10077
12636
10186
10094
10515
10094
10094
10125
10265
10265
10125
10218
10140
10140
10156
9968
10374
10156
10171
10093
10203
10203
10187
10343
10202
10203
10265
10265
10077
10187
10281
10577
10000
10311
10124
10077
10795
10608
10031
10031
10811
10031
10015
10140
10389
10062
10140
10093
10140
10047
10218
10093
10296
9984
10031
10156
10717
10046
10109
10140
10171
10108
10108
10171
10468
10062
10031
10078
10264
10078
10389
10342
12231
10171
10093
10998
10186
11996
10406
10312
10046
10031
10030
10093
10311
10327
10202
10171
9984
10016
10172
10233
10280
10717
10093
10093
10155
9953
9953
10249
10109
10109
10250
10311
10000
10030
10218
9906
9859
10218
10062
9922
10109
10265
10140
10889
10732
9999
9875
10000
10000
10046
10047
10047
10140
10015
10078
10078
10171
9953
10046
9984
10000
10172
9953
10000
10515
10093
99825
9874
9999
10077
10015
10062
10078
10031
9999
10077
12278
10000
10077
10015
9921
9953
10046
9812
10109
9984
10109
10016
10218
10171
10187
9937
9968
10015
9984
9937
9937
9953
9953
9969
9937
10077
9937
9890
10171
10031
10202
10046
10327
9999
10015
10264
10000
10062
9906
10094
10077
10155
10062
9999
10155
10468
10093
10125
9843
10015
10156
10031
10140
9891
10420
10187
9766
10172
10265
10125
9937
9719
10046
9719
10250
10094
9890
9828
10015
10093
10202
9875
10016
10031
9828
9843
10031
9922
9874
10046
9984
10077
10312
9984
9859
9984
9937
10171
10094
9937
9859
9906
9999
9984
9906
9953
9984
9890
10031
9843
9922
9984
9906
9968
9890
10000
10062
9937
9968
10015
10078
10047
9969
9953
9921
9953
10171
9968
9984
9875
9969
10015
10171
10046
10109
9875
10265
9952
9890
10047
10031
9921
9953
10109
9984
10015
61480
9891
9875
10062
10343
10046
9922
10062
10062
10265
10077
10343
10015
9968
9860
10140
9859
10109
9921
10109
10249
9890
10187
9953
9906
10125
9921
10077
9937
10186
10171
10062
9781
10140
9812
9828
10234
9890
9843
10077
10218
10218
10062
10249
9812
10078
9953
9750
9969
9937
9968
9937
9906
9922
9938
9860
9875
9938
9937
9875
9891
10140
9859
9999
9766
10000
9750
9969
9938
9735
9890
9750
9828
9952
9968
10717
9906
10016
9953
9906
9984
10264
10062
99919
10000
9969
9984
9781
10093
10140
9813
9843
9812
9953
9906
9859
9812
9921
9812
9781
10109
10047
10078
9860
9953
9765
9859
9968
10000
9953
9828
9860
9906
9984
9875
10374
9937
9891
10343
9921
9952
9937
9937
10046
13962
10031
10031
10077
10093
10046
10047
10062
10592
10077
9999
10171
10046
10093
10576
10108
9953
10109
10218
10093
10171
10031
10483
10031
10218
10234
10171
10109
10125
10125
10218
10187
10327
10186
10171
10234
10125
10140
9937
10109
9952
10311
10171
9968
10280
10202
10171
10218
10468
10202
10031
10015
10015
10000
10000
10000
10015
10015
10015
10249
10015
10015
10015
10015
10015
9999
10389
10046
9984
9984
9953
10077
10077
10077
9953
10077
10281
10327
10140
10202
9922
10359
9984
10405
10171
9937
9906
10452
10171
10078
10171
10171
10186
10358
10202
10218
10296
10000
9937
10249
9906
9906
10125
9875
9937
10186
9890
9874
10046
9999
10046
10265
10280
9875
10109
10171
10296
10062
10203
10218
9875
10327
9875
10046
10342
10124
10374
10343
10296
10140
10187
10109
9906
10093
10047
10405
10093
9890
10046
10202
99607
9922
9922
10109
10155
10031
10374
9906
10234
10249
10030
10389
10186
10108
9984
9890
9937
9890
10015
10093
10078
10000
10109
10078
10062
9906
10015
10140
10093
9984
10062
9969
10421
10062
9984
10077
10264
9999
10140
10140
14009
9938
9938
10109
9922
10078
10187
10218
10015
9937
9937
10015
10624
10156
10171
10093
10077
10046
10046
10124
9968
10031
10187
10359
10047
10047
10077
10062
10218
9984
9984
10062
10093
9984
9968
10077
9968
9937
9937
9999
9984
10187
9984
9984
9984
10093
10015
10062
10140
9969
10093
10093
10234
10249
10234
10000
10000
9984
9984
9968
10093
9999
9999
9984
9984
9968
9968
10140
10000
9984
9969
9953
10343
10233
10140
10187
10186
10233
99294
10031
10015
10015
10015
10015
10000
10296
10000
10000
10249
10281
10233
10218
10483
10109
10093
10296
10389
10155
11965
10108
10015
10156
10031
10436
10094
10203
10172
10000
10093
10047
10171
10186
10639
10124
12028
10218
10124
10218
10530
10218
10125
10749
10218
10530
10155
10265
10233
10468
10140
10234
10062
10186
10218
10140
10031
10280
10202
10218
10172
10296
10187
10171
10249
10374
10140
10171
10296
10264
10296
10187
10187
10187
10374
10187
9968
10717
10374
10265
10015
10047
10125
10078
9969
10281
10093
10140
10077
10171
10280
10046
10046
10124
10327
10218
10109
10452
10172
9937
10187
10062
9968
10171
10218
9984
10093
10530
10046
10187
10155
10140
10218
10156
10576
10108
10233
10031
10093
10234
9953
10156
10187
9938
10140
10171
9984
10296
10078
10218
10280
10202
10202
10202
10218
10046
10203
10686
10031
10140
10094
9953
10218
10218
10296
10156
10156
10078
10171
10233
10327
10093
10202
10358
9906
10156
10328
10109
10062
10156
10265
10046
10046
10343
10280
10795
10421
10390
10062
9906
10093
10342
10140
9984
10187
10062
10000
10156
9891
10094
10077
10124
10452
10390
10031
10078
9891
10108
10140
10062
10062
10046
10109
10109
9891
9922
10031
9984
10109
10109
10108
10030
10234
9968
10000
10265
10062
10016
9937
9937
9921
10358
9921
9906
10280
9906
9890
9859
9875
9968
9921
9968
9859
10233
10156
10031
10047
9875
10047
10265
10077
10046
10530
10062
10202
9890
9906
10062
10608
9890
10218
9906
9906
9906
9906
9906
10811
10155
10062
10109
10078
10140
10202
9953
10171
10031
10078
10108
10249
10358
10000
9984
9968
10000
10187
10015
10109
9968
10405
10156
10312
10140
10156
10062
10390
9953
10561
9968
10187
10125
10124
9906
10124
10359
10172
9875
10187
10311
10155
10109
10093
10093
10234
10218
10171
9874
10140
9968
12153
9875
10187
10077
10031
10171
10187
10062
9953
10203
10047
9843
10062
10171
9984
10000
10109
9844
10218
10218
10265
10016
10406
10265
10171
10015
10187
10047
10187
9937
9906
9984
10233
10342
9875
10125
9969
10078
10109
10187
9969
9937
9922
10093
9874
10233
9937
9968
9953
10405
9922
10125
10171
10514
10077
10187
9968
10155
9875
10359
10093
10125
9984
10000
9921
10015
10452
9906
9984
10031
9984
10015
10030
10030
10093
10015
9906
10046
10109
9875
10109
10608
10109
10062
9984
10030
10046
10093
10109
10140
9953
10000
10062
10016
10140
98436
10062
9999
10171
10031
10281
10156
16240
10093
10062
10124
10093
10140
10140
10171
10031
10171
10000
9828
9891
10359
9843
9999
10062
10218
10031
10187
10156
10249
10031
10203
10047
10826
10030
10311
9906
10234
10171
10046
10374
10000
9828
10078
9969
10109
10078
9860
9937
10047
9969
9844
10125
9906
9828
9828
9828
9828
9812
10078
10202
10218
9844
9828
10281
9828
10094
9984
9843
10109
10031
10015
9969
9875
10015
9874
9968
10202
10000
9890
9891
9906
9953
9921
9890
9906
9921
9922
9891
9984
9891
9891
10062
9999
9937
9921
9921
9906
9906
9906
9906
9890
9874
9890
9890
9890
9890
9890
9890
9890
9875
9875
9890
10359
10047
9906
10125
9906
9906
9890
10171
9922
10000
10000
9937
12433
10062
9844
9828
10047
9953
10031
10109
18486
10062
10062
9984
10140
10140
9875
10109
10140
10046
10155
9781
9766
10031
9969
10015
9999
10031
9937
9875
10031
10031
10046
10202
9765
9890
10218
10218
9952
10109
10031
9875
10000
9781
12059
9953
9891
10047
9874
9890
10062
9859
14102
9984
9999
9937
10327
10015
10078
10000
10093
10078
9906
9891
9953
9999
9937
9921
9766
10015
9953
9766
9984
10187
12027
10140
10062
10187
9750
9953
9999
9828
9984
11419
9890
9766
10046
9875
10109
9922
10109
9969
10031
10031
9953
9984
9875
9999
10078
9938
10077
10015
9906
10342
9750
9843
9953
9859
9890
10124
10062
9860
10125
9937
10077
9953
9937
9875
9906
10078
9968
9828
10202
9874
9984
10109
9968
10218
10015
10062
9796
9984
9828
9969
10031
9875
9891
9875
9891
10250
9969
9968
9999
9812
9890
9906
9953
9875
10155
10124
9891
9999
9952
9859
10108
10140
9812
10202
10000
9890
9969
12168
9844
9938
9968
9843
9953
9968
9859
9875
94038
9859
10030
9874
9874
9874
9859
9843
10046
9906
9906
10281
9860
9875
9875
9890
9999
9890
9859
9859
9843
9828
9812
9812
9844
9953
10031
9969
10031
10030
10000
10015
10218
10077
9906
10047
10327
10234
10109
10046
20405
10250
10125
9984
9999
9999
10202
9938
9953
10280
10218
10171
10186
10093
10078
9968
10046
10093
10062
10109
10062
10124
10109
10483
10015
10452
10140
10046
10156
10171
9968
10156
10156
10062
10046
9968
9921
10125
10140
10108
10156
10187
10171
10187
9984
10187
10062
12153
9984
10109
10203
10140
10171
10218
10046
10186
10077
10186
10186
10078
10218
10047
10187
10202
10046
10062
10296
10109
10031
10109
10109
10312
10140
10109
10031
10140
10359
10343
10171
9999
10171
9999
10187
10171
10187
10171
10312
10218
10046
10171
10125
10280
10280
10000
10000
10187
10250
10265
10250
10515
10249
10218
10483
9999
10093
12168
10031
10280
10296
10280
10265
10374
10125
10140
10421
10296
10671
10343
10047
10233
10358
10265
10281
10265
10280
10187
10842
10374
10093
10140
10265
10265
10218
10390
10047
10031
10031
10264
12105
10140
10234
10187
10281
10218
10202
12121
10015
10015
10452
10545
10265
10234
12059
10748
10265
10545
10717
9969
10172
10000
10328
10000
10452
10749
10062
10109
10717
10312
10171
10265
10874
10140
10342
10094
10233
10109
10218
10358
10156
10421
10265
10046
10218
10124
10078
10078
10062
10109
10093
10155
10483
10140
10078
10156
10234
10093
10108
10155
9937
10124
10046
10031
10046
10047
10124
10046
10155
10047
9906
10328
9890
10062
10046
10406
10218
10015
10171
10249
10125
10171
10093
10577
10078
10280
10046
10468
10203
10046
10202
10046
10093
10140
10000
10062
10093
10125
10218
10140
10031
10062
10125
10155
10920
10078
10031
10031
10140
10031
10296
10125
10436
10467
10171
10358
10109
10156
10046
10031
10015
10186
10218
12184
10108
10140
9984
10203
10187
10203
10093
10046
10140
10296
10484
10250
10047
10109
9843
10015
10000
10155
10109
10171
10187
10015
10218
10172
10281
9860
9953
9968
10124
9953
9937
9968
10140
10093
10218
10530
10094
9906
10093
10155
9921
10093
10093
9984
9953
10062
9859
10062
10421
10031
9953
10155
10093
10062
9968
10140
9937
10078
10202
10515
9953
10109
9953
9891
9968
10093
10000
9828
9937
10078
10046
10546
10078
10250
10093
9968
9953
10062
9999
10171
10062
10078
10171
9984
9922
9969
10265
10062
10046
10093
10218
10498
10109
10031
10249
10421
10171
10077
10171
12136
10249
10249
10249
10046
10031
10062
10046
10031
10031
10046
10015
10016
10171
10031
10249
10327
9890
10264
9984
10109
10234
10094
9906
10156
10359
10265
10140
10265
10031
10265
9937
10218
9891
10155
10093
10062
10124
10187
10140
9938
10140
10015
9937
10062
9906
9859
10046
9968
9874
9968
10342
10047
12137
9937
9968
9969
10187
10015
10296
10015
9952
9890
9937
10015
9812
9999
10062
9984
10016
9999
9953
10078
10374
12448
10342
9984
10202
10249
10047
10125
10296
10093
10093
10125
9953
10093
9984
10124
10171
10343
10171
9968
10062
9953
10078
9875
10125
9906
10078
9891
10093
9828
9890
9906
9921
10062
10062
9937
10047
10577
9953
9937
10140
10124
10015
10030
9968
10125
10062
10046
10265
10046
10093
10046
10140
10343
10280
10030
10405
10452
10249
10000
10156
10047
11903
10171
10608
10249
9906
10078
9906
9984
10125
10094
10234
10265
10125
10078
10140
10233
10296
10172
10016
10062
10140
10155
10358
10140
9891
9937
10109
10311
10015
10155
9953
10046
10016
10203
10016
9953
10250
10233
10155
9968
10031
10031
10155
10015
10546
10093
10187
10109
10608
10077
9999
10109
16224
10374
10109
10062
10031
10031
10047
10062
10078
10109
10093
9984
10203
10078
10327
10125
10156
10156
10358
10125
10047
10172
10140
10078
9984
10124
10062
10140
10031
10000
10171
10187
10249
10109
10109
10000
10109
10171
10343
10281
10186
10046
10203
10140
10015
10343
10249
9953
10000
10187
10218
12262
10062
10109
10125
10312
10327
10015
10077
10186
10046
10156
10202
10187
10187
10280
10046
10218
9984
10000
10000
10000
10218
9984
9984
9984
9969
10155
10124
10140
10156
10000
10124
10218
10250
10265
10202
10093
10202
10218
10047
10125
10218
10031
10046
10046
10795
10046
10124
10030
10030
10046
10172
10047
10047
10031
10031
10187
10031
10328
10031
10046
10046
10031
10031
10015
10031
10031
10171
9999
10265
10171
10233
10624
10514
10077
10077
10093
10078
10093
10093
10093
10093
10203
10093
10078
10062
10062
10062
10062
10077
10062
10046
10046
10155
10046
10030
10030
10046
10030
10031
10109
10000
10015
10000
10000
10000
10016
10016
10000
10016
10000
10016
10016
10389
10015
12199
10281
10031
9999
10062
10000
10078
10312
10000
10046
10093
10203
10171
10140
9937
10046
10109
10187
10437
10093
10234
10186
10172
10218
10171
10171
10062
10203
10077
10311
10109
10281
10125
10421
10530
10202
10280
10265
10124
10265
10249
9952
10249
10093
9953
10093
10312
10171
10078
10140
10202
10077
10296
10125
10312
10359
10047
10281
10233
10093
10140
10187
10203
10218
10077
10155
9953
10140
10093
10187
10421
10108
10249
10124
10327
10140
10078
10109
10078
10218
10296
10296
10187
10140
10062
10124
10186
10187
10140
9953
10046
10140
10577
10016
10031
10249
10171
10390
10171
10218
10109
10311
10296
10155
10171
10046
10156
10140
10202
10250
10140
10187
10233
10187
10140
9922
10156
10093
10171
10124
10327
10140
10171
10234
10109
10109
10156
10405
10187
10577
10296
10062
9921
10093
10125
10234
10218
9937
10249
10296
10530
10109
10156
10281
10078
9953
10187
10062
9937
10233
38720
10062
9952
10311
10046
10108
10312
10140
10265
10124
10187
9922
10218
10046
10156
10187
10218
10358
10046
9969
10047
10125
10218
10125
10156
9968
10156
9984
9984
9968
9953
9953
10062
10234
10577
10078
10156
9953
9953
10140
9953
9953
9953
9937
9937
10093
10093
9968
9969
10140
10249
9937
10171
10234
10094
10187
10093
10250
9969
10328
10155
10062
10187
10155
10374
10187
10031
10015
10031
10499
10234
10265
10312
10546
10171
10218
10156
10203
10047
10545
10203
10250
10203
10203
10000
10016
10016
10000
10015
10031
10015
10031
10031
10031
10031
10031
10234
10031
10031
10015
10000
10031
10000
10281
10234
10109
10093
9999
9999
10000
10000
10000
10125
10499
10109
10109
10156
10327
10171
10047
10156
10047
10390
9985
10250
10109
10203
9921
10249
10172
10281
10016
10062
10280
10125
10062
10296
9999
10249
9828
10265
10109
10265
10296
10281
10093
10062
10140
10343
10265
10234
10125
10312
10327
10062
10327
10203
9969
10250
9875
10187
10374
9906
10234
9953
10234
9828
10280
10109
10155
10327
9984
10046
10015
9953
10047
9907
10031
9859
9953
9890
9953
10046
10031
10031
10405
14306
10343
10000
9953
9875
10000
9969
10031
12309
10047
9937
9937
9813
9985
10109
9968
10280
10015
10016
9922
9875
10015
9969
10000
9969
10047
10062
9922
10078
10047
10000
9860
9860
10390
10172
10031
9968
10047
10125
10047
9781
9922
9922
9938
12340
10203
10062
10031
9984
10062
9782
10109
10063
9984
10031
10078
10031
9860
9828
10093
9843
10218
10062
10250
9968
10109
9906
9984
10094
9953
10155
9937
10546
10047
10312
9907
10141
10094
9953
9938
10187
10094
10265
10109
9953
10000
10047
10141
9938
10187
9906
10140
9922
10000
10031
10031
10031
9875
9969
10109
9875
9890
9890
9890
9953
10062
9891
10296
10624
10140
10281
9984
10343
10390
9953
9907
10046
10156
10000
10046
10140
10015
10000
10047
10094
10156
10093
10078
10015
10156
10094
10046
10046
10125
10031
10171
10514
10093
10109
10140
10219
10047
10359
10109
10203
10046
10000
10187
10046
10093
10265
9984
10499
9984
10141
10203
10109
10296
10202
10000
10000
10265
10000
10000
10000
10000
10062
10062
9984
10187
10140
10187
10031
10171
10218
10140
10140
10265
10202
10109
9906
10218
10327
10187
10203
10171
10156
10234
10172
10172
10094
9969
10250
10140
10202
10124
9843
9843
10171
10203
10219
10343
10219
10219
10280
10171
10281
9953
10281
9953
10624
10265
10234
10265
10046
10171
12511
10140
10046
9875
10281
10016
10047
9891
9999
10499
10265
10218
10062
9984
10421
10219
10031
10062
9968
10077
10015
10078
10141
10078
10000
9860
9860
9922
10093
10016
10016
10078
9938
10125
10047
10499
10031
9984
10156
10031
10296
10577
10031
10015
9953
10015
10094
9969
9891
10234
10047
9922
10187
9922
10156
10094
10062
10015
9953
9875
10125
10015
10359
9969
10141
10125
10109
10125
10015
10015
9984
10140
10172
9984
10094
9828
10187
10015
10717
10015
10156
10093
10140
9968
10359
10062
10234
9797
9812
9813
9953
10281
10125
9797
9797
10000
10094
10124
9797
9813
10140
9828
9968
10062
9984
9829
9829
10421
10047
10141
10515
10078
10078
10218
10078
10016
10202
10077
10046
9969
9937
10125
9969
10109
9907
9891
9875
9860
10078
9891
9860
9891
9907
9860
9875
9969
10094
10187
9890
10031
10078
10125
9922
10202
9937
10343
10187
10062
9938
10047
10155
9937
10062
10093
10094
10094
10094
10234
10140
10421
10063
10078
10062
9922
10047
10062
10109
10062
10031
11950
10078
10047
10141
10406
9969
9984
9875
10109
10109
10452
10094
10203
9921
10140
10311
10717
12480
10296
9844
10062
10156
10062
10062
10171
10203
9922
10390
9875
10078
10078
10172
10031
10000
10000
10280
10202
10187
10015
9906
9984
10202
10311
10218
10343
10187
9906
9969
10250
9813
9969
10016
10155
9890
10374
10047
10031
10358
10484
9969
10343
10093
9890
10374
10031
9859
9922
10078
10016
9969
10125
9969
10437
10077
10062
9953
9984
10109
10639
10016
10000
10016
10016
10063
10000
10015
10000
9875
10172
9875
10125
10046
9875
12246
10171
10062
10187
10015
10203
10078
10094
10109
9984
10078
10031
10109
10094
10078
10109
10016
10062
10015
9984
10093
10094
10094
10015
10421
9968
10234
9969
9875
9984
10109
10031
10187
9984
10078
10172
10187
10124
10577
10109
10561
10234
10000
10187
10125
10031
10046
10686
10249
10015
10062
10187
10078
10218
10327
10062
10312
10312
10406
12433
10125
10156
10296
12325
10156
10156
10202
10156
10156
10031
10031
10047
10047
10187
10000
10234
10311
9999
10202
10202
10187
10280
10265
10219
10234
10234
10094
11092
10265
10265
10359
10296
10281
9906
10077
9999
10218
10062
10031
10281
10717
10249
14383
10062
10592
10233
10296
9891
10250
10031
10436
10031
10281
12387
10187
10156
10312
10733
10140
10047
9953
9953
10343
10624
10124
10078
9937
10421
10015
9875
10000
9968
10124
10172
10125
10374
9844
10281
10733
10000
9985
9984
10078
10078
9921
10187
10655
10000
10187
10234
10094
9984
10218
10389
10094
9968
10094
10172
10140
9921
10125
10156
10141
10031
10140
10312
10078
10062
9969
9984
10015
10031
10234
10077
10265
10000
10094
9985
10125
10125
9969
10094
10250
10171
10140
9968
10093
10078
10016
10016
9999
10109
10202
10109
10140
10109
10171
10343
10109
10156
10249
10187
9875
10234
9937
10265
10016
10296
10296
10358
9969
10000
10125
10015
10031
10280
10312
10640
10140
10359
10062
10093
9938
10000
10015
10078
10047
10203
10016
10094
10000
10125
10000
10623
10171
10109
10265
10046
10124
10094
10140
10016
10062
9922
9953
10765
12371
10125
10031
10499
10328
10187
10109
10063
10094
10172
10109
10031
10187
10359
10062
10015
10218
10109
10234
10000
10093
10031
10046
9938
39859
10140
10062
10063
10203
9969
10062
10218
10109
9999
10421
10187
10124
10094
10109
10858
10093
10233
9984
10858
10140
10093
14165
10140
10187
10171
10156
10171
10234
10062
10187
10172
10312
10172
10094
10218
10109
10047
10156
9953
10093
10265
9953
10125
10608
10140
10140
10171
10031
10187
10187
10031
10312
10187
18268
10389
10077
10062
10063
10172
10171
9922
10171
10234
10187
10046
10187
10202
10265
10078
9984
10452
10156
10452
10047
9953
10078
10483
9875
10608
10125
10421
10141
10328
10093
10094
10031
10077
9906
10187
10047
9984
10094
10156
10156
10218
9968
10156
10046
10187
10250
9984
10125
10202
10124
10046
10047
10530
18221
10109
10046
10078
10156
10094
10452
10359
10031
10093
10125
10031
10078
10390
10031
10062
10031
10015
10078
10078
10436
10015
10172
10124
10109
10062
10312
10156
10187
10015
10156
10218
10093
10249
10171
10031
10327
39968
10124
10437
10203
10281
10187
26583
10141
10281
10063
10078
10655
10297
10156
10483
10234
10094
10281
10078
9937
10094
9891
10187
9969
10015
10187
12090
9906
10031
10452
9984
10093
9984
10109
10125
10203
10031
9984
10608
10000
11997
10015
9969
10063
10031
10000
10046
10515
10062
10187
10078
10000
10093
9938
11950
9984
11965
10031
9985
9938
10046
10015
9969
10047
9984
10047
10031
9984
9984
10078
10047
10047
10000
10046
10015
10000
9937
10094
10078
10047
10093
10140
10078
10078
10109
10109
10125
9906
9953
10015
10062
9953
10109
9922
10187
9953
10015
10124
9890
9999
10125
10140
9953
9844
10109
10171
10109
9984
10015
10077
10031
10233
10031
10109
10031
10031
10390
9907
10125
10015
9937
10171
9953
9938
10343
10031
10109
10109
9906
9921
9906
9890
9890
9890
9890
10015
9922
9985
10250
9907
9907
9969
10125
9906
9922
10046
10140
9937
10046
10031
10171
10078
10062
9953
9922
9922
10062
10062
10124
10203
10062
10187
10172
10171
10250
10031
10343
10125
10187
10047
10047
10062
10000
10062
10000
10016
10000
9985
9984
9984
9953
9953
9953
9953
10187
10109
9953
9968
9968
9968
9968
10109
9984
10125
9984
10171
9984
10000
10000
10172
10234
10156
10124
10156
10202
10000
10109
10124
10265
10140
10172
10125
10016
10016
10000
10016
10016
10000
10000
10000
10016
10016
10031
10031
10031
10031
10155
10015
9999
9999
10187
9999
10015
10015
10015
10015
10015
10015
10702
10000
9984
10203
10172
10000
10000
10000
10000
10000
9984
9968
10655
9984
10218
9984
10203
9969
10233
9968
9968
10249
9969
9969
9969
9953
10421
10390
9953
9938
9937
10265
9937
9937
9922
10296
9906
9906
9906
9906
9906
9906
9891
9891
9875
9875
9875
9890
9875
9875
12152
9875
9891
9891
9891
9890
9875
9875
9875
9875
9875
9875
9875
9890
9875
9875
9906
9875
9859
9875
9875
9875
9875
9875
9859
9875
9875
9859
9860
9875
9875
9875
9859
9859
9859
9859
9844
9860
9844
9844
9859
9875
10623
9969
9875
9938
9860
9937
9922
10749
9937
9859
9859
10124
10124
10109
10078
9844
9844
9844
10109
9890
10093
10015
10140
10031
9953
10093
10125
10874
9844
10125
10187
10094
10078
10015
10140
9859
10078
9969
10125
10062
10155
39780
10031
10031
10031
10156
10125
9891
9891
9891
9891
10063
9891
9860
9860
9875
10031
9875
9859
10156
10031
9859
9875
9859
9875
10109
9953
10155
9874
9953
9875
10000
9875
9875
10156
10172
10156
10063
10187
9906
10109
10062
10140
10077
10405
10077
10062
10063
10125
9969
9969
9969
9984
9968
9968
9968
10062
10109
10374
10202
10374
10000
10281
10265
10172
10312
9984
10421
10046
10249
10000
10109
10046
10093
10124
10125
10062
10109
10108
10093
9999
10156
10156
10156
10062
10265
10109
10234
10187
10249
10093
10343
10249
10171
10124
10156
10156
10109
10125
10281
10156
10296
10280
10296
10124
10171
10109
10234
10125
10328
10140
10109
10156
10186
10171
10171
10186
10249
10234
10187
10140
10203
9938
9937
10047
10234
9937
10249
10155
10233
10171
10108
10187
10296
9938
10218
10389
10265
10015
10405
10265
10265
10327
10249
10187
10062
10280
10233
10171
10265
9938
10359
10281
10062
10218
9984
10390
10374
10109
9999
10093
10031
10171
10218
10530
10436
10218
10437
10172
10077
10218
10233
9968
10140
10062
10483
10078
10468
10202
10015
10031
10171
10187
10172
9969
10109
10203
10047
10124
10202
10155
10093
10093
10468
9968
10077
10108
10140
9968
10077
10233
10140
10140
10311
9968
10093
9984
9922
10000
10109
10172
10125
10015
10124
10218
10312
10077
9952
9874
10483
10234
12262
10218
10202
10218
10265
10218
10312
10234
10218
10186
10186
10171
10187
10249
10109
10140
10265
10156
9937
10171
10062
10062
10717
10202
9922
9906
9906
10202
10202
10046
10218
10218
10156
10546
10062
10327
10202
10062
9968
10047
10093
10124
10109
10140
10078
10094
10047
9984
9953
9906
9953
9938
9906
10405
10062
10405
10249
10156
10046
9984
10389
10000
10327
10108
10561
10062
10015
10140
10452
10155
10015
10031
10436
10233
10078
9984
10140
10218
10358
10093
10171
10280
10155
10421
10218
10186
10108
10093
10983
10530
10203
10748
10187
10171
10249
9999
10249
10421
10078
10156
10265
10265
10234
10094
10062
10249
10249
10078
10264
10264
10249
10124
10046
10265
10171
10265
10265
10124
10094
10280
10358
10264
10093
10202
10358
10296
10343
10171
9937
10093
10218
10078
10187
9984
10093
10155
10249
10140
10047
10389
10186
10389
10125
10515
10312
10125
10187
10203
10187
10390
10015
9984
12090
10156
10187
10156
10156
10265
10468
10218
10172
10124
10327
10124
10109
10280
10140
10249
10343
10031
10125
10155
10311
10202
10171
10249
10015
39999
10561
10296
10390
10156
12106
10047
10000
10155
10358
10171
10093
10124
10187
10343
9906
10046
10280
10155
10686
9922
10078
10078
10031
10171
10249
10046
10109
10203
10484
10608
9999
10265
10078
10764
10031
9984
10046
10030
10342
10249
10140
10171
10062
10608
10265
10249
10655
10218
10186
10311
10108
10093
10124
10093
10249
10062
10140
10047
9969
10140
10078
10062
10015
9999
10062
12293
10171
9984
10156
10062
10062
10046
9999
10467
10093
10031
10437
10108
10358
9937
10312
10015
10046
10046
10031
10078
10202
10062
10078
10078
10109
10047
10576
10124
10140
10311
9999
12262
10047
10577
10062
10155
10030
10078
10062
10062
10062
10046
10047
10062
10062
10047
10062
10172
10233
12246
10156
10140
10203
10000
10359
10342
10732
10327
10015
10015
10000
10390
10265
10233
9999
10015
10218
9984
10389
10030
11747
10016
10530
10343
10437
10702
10093
10265
10218
10155
10296
10296
9952
10264
10062
10062
10265
10187
9953
10311
10358
10343
10265
10249
10124
10124
10233
10327
9969
10265
10155
10264
9984
10264
10203
10359
10265
10218
10233
9937
10203
10156
9953
10420
10358
10046
9953
10171
9969
10000
10671
10218
10343
10265
10077
10031
10062
10530
10171
10062
10062
10296
10109
10078
10156
10140
10202
9999
10062
10109
10234
10171
10078
10359
10171
10187
10171
10187
10078
10249
10187
10187
10187
10280
10171
10140
10234
10031
10094
10234
9906
10187
9984
9953
10249
10218
12652
10093
10265
10046
10109
10015
10234
10094
10124
10202
10421
10078
10140
10125
10031
10140
10031
10094
10125
10187
10203
10030
10155
10202
10140
10062
10858
10281
10062
10390
10327
10187
10109
10109
10109
10078
10078
10062
10047
10093
10093
10109
10109
10125
10062
10046
10046
10046
10046
10046
10030
10030
10015
10030
10016
10000
10452
10389
10155
10062
12558
10546
10639
9999
10124
10094
10406
10015
10249
10140
9999
9999
9999
9999
9999
10000
10140
10016
10062
10094
10171
10218
10124
10124
10234
10155
10186
10108
10124
12667
10249
10187
10125
10280
10203
10234
10062
9859
10077
10171
9922
10280
10124
10218
10296
9984
9969
12152
10187
10483
39874
10265
10327
10093
10186
39874
10046
10047
10077
10077
10062
10062
10686
14040
12215
10062
10031
10031
10031
10031
10062
10078
10031
10000
10016
9875
10031
10046
10015
10015
9984
10031
10000
10000
10016
9796
10031
10000
10015
10000
10000
10000
10000
10000
10000
10000
10000
10000
10000
10000
10000
10000
10015
9999
9999
10000
9999
10000
9765
9797
39936
9625
9610
39952
39983
39873
9204
9172
40030
39811
39983
39874
40076
0
47
109
110
280
32
187
218
16
187
62
94
187
109
63
78
109
140
63
19983
62
109
219
141
47
156
93
39983
234
343
63
468
187
250
62
156
16
265
421
140
265
0
188
29999
218
312
110
280
265
35350
171
187
359
266
172
156
234
265
249
452
16
31
265
171
125
219
141
156
250
187
0
109
281
94
312
234
281
265
344
156
140
405
171
172
234
406
250
187
39874
16
296
421
109
93
63
15
327
312
297
312
608
281
156
109
109
40030
109
40030
375
31
31
265
62
78
156
16
187
16
312
312
141
359
109
93
312
62
296
31
265
203
359
375
297
46
577
125
281
16
62
266
125
234
140
265
16
78
172
140
125
312
156
344
202
16
94
156
234
187
296
125
125
281
343
359
327
47
171
437
265
265
125
281
31
47
515
15
29999
140
172
171
281
219
187
15
47
188
141
296
297
78
31
109
109
281
218
141
421
31
592
296
78
140
421
63
140
63
203
172
250
422
219
218
187
40249
40155
40263
530
40108
40310
40326
40248
125
39983
0
110
40107
39983
437
40451
40076
265
219
40124
187
436
40154
46
203
40045
78
312
47
40092
530
40544
40092
234
250
202
468
452
40217
63
265
328
40092
40170
219
171
109
31
40092
40014
40217
203
40077
40186
171
156
40139
40108
140
141
187
218
40045
140
63
530
265
40264
312
40482
281
40046
40077
296
124
156
40061
172
172
39952
281
344
40093
40108
188
203
297
250
40092
265
218
40248
110
40311
234
156
234
234
40186
250
499
40076
40154
546
327
40045
234
312
156
219
40186
219
421
515
265
390
265
327
421
234
920
218
297
266
156
40186
390
405
265
40202
265
343
219
422
343
374
40186
437
312
359
280
156
358
374
374
437
40295
281
203
203
405
40404
374
312
281
468
40077
406
390
375
358
390
406
40170
296
390
421
343
436
484
468
40264
577
421
40046
421
452
40185
826
421
562
515
468
437
453
344
468
40607
359
515
40326
40435
436
499
40295
390
843
561
515
577
577
468
40232
40264
40311
593
593
562
40061
608
40232
577
655
468
639
40263
280
546
499
468
281
656
40186
655
453
484
280
624
562
40280
484
655
453
40046
718
609
40373
499
280
40419
40107
562
998
796
500
500
765
780
500
468
452
40139
546
40264
40092
219
561
312
265
530
624
40030
40264
655
328
640
250
437
1170
422
500
265
40186
40077
40248
40030
40108
327
40029
421
390
327
40389
39983
40123
40030
608
577
733
562
671
562
40046
40139
40046
437
40186
671
405
40154
312
40045
40045
40123
40233
453
920
40154
499
484
437
40170
484
40701
796
483
468
499
40124
1108
390
593
40185
358
483
874
422
640
421
468
468
889
390
40232
468
483
514
436
546
1108
484
530
905
40279
39968
593
531
765
499
546
39998
39952
546
40108
40186
655
40388
780
39967
40279
562
40201
1342
40061
656
40061
577
561
40108
655
40092
577
40061
40279
670
577
655
811
40092
40233
40092
656
40420
40249
40420
687
40404
702
40436
40170
748
40139
40092
40030
41060
717
39889
717
749
40170
40202
687
748
702
40373
796
999
749
749
39889
749
40201
780
40202
811
40046
827
39936
40108
40171
749
39999
734
40139
40123
40108
40670
40124
858
40217
40014
39983
40170
40124
39968
40077
40108
796
889
1030
904
951
40045
39998
952
920
1014
858
39999
921
39905
827
905
951
1077
39936
1045
936
1045
952
983
1030
952
39920
40123
40092
1061
39983
40076
1014
936
40357
2293
40201
40061
952
1061
40092
1123
39967
40482
39905
1030
1060
40029
904
920
40014
889
1045
1061
40139
40155
40155
40249
40108
1061
2387
1014
40030
39920
889
936
40326
40014
1045
1029
936
1045
40155
999
1046
1139
40171
921
40014
1092
1029
40076
1061
39983
40092
1311
40170
40029
40107
40014
1342
1108
40030
40420
1155
1061
40202
1061
40123
1061
1357
40092
1201
40185
1060
40077
1123
40170
1045
936
1124
905
40108
905
1248
999
1014
1170
983
1139
983
1077
40202
999
967
1045
1108
1061
967
1216
1185
1139
1108
1061
40139
1108
1124
1185
1107
39952
1232
967
1248
1061
1092
40139
1060
1185
967
40139
1092
40155
1092
1061
1139
1170
1108
1154
39905
40544
40139
1248
1061
1357
40248
40233
1186
40451
1092
1014
40093
1029
39889
1061
40155
40295
1170
40185
40061
1216
1154
1107
40311
1139
1341
40170
39983
1279
40248
40201
40123
40186
40186
39999
1201
1202
39905
39859
39952
40170
1248
1170
39920
1279
39983
40154
40123
39983
40233
1154
1248
1248
1373
1404
40123
40124
40467
39968
40014
39999
1295
40108
1295
40046
1295
1513
1357
40045
1357
40061
1248
1310
40467
1326
1388
40030
40077
1404
1545
40029
1372
1357
40108
1373
1373
1341
1357
40108
1295
40014
40108
1294
2449
39998
1388
40108
40077
40310
1326
1450
40014
1420
39905
40108
1404
1592
40030
1482
40155
40466
1419
40061
40108
1404
1451
39936
40748
1466
40045
40076
1575
1450
40591
1498
40201
1435
39999
1545
1685
40358
1513
40014
40139
39920
40092
1591
1435
1606
1622
39920
40155
1420
40092
40139
40155
40264
1731
40108
40124
1529
40046
39983
1653
40030
1482
40030
40093
40139
1872
1513
1576
1591
42573
1545
1591
1513
40076
1653
1482
1638
1560
40279
1498
40249
40217
1591
40108
1529
40311
1529
40170
1498
1888
40436
1576
1685
1622
40170
1654
1591
1732
42105
40107
2496
1669
1747
1700
1622
1622
40217
40123
1638
1607
1592
40249
1716
40232
1888
1716
1966
40217
1716
1731
40232
40248
40248
1654
39999
1685
39951
1684
1654
1732
1685
40280
1670
1919
40280
40202
40186
1763
40201
40279
1872
40014
1779
40311
1732
40170
40045
1809
1716
1778
40045
40061
1748
40404
40092
40139
1872
1841
1934
1747
1825
40124
40186
40107
1794
1825
1903
1778
40420
39952
1982
39983
39999
40202
40436
1872
40202
1856
40233
40092
40966
40185
1887
40092
40045
1966
1763
1888
1841
40077
40233
40076
40092
39952
40139
1794
40170
2137
1903
40997
40123
40045
40108
1935
40077
40108
42089
1872
40124
40607
1934
40435
1903
1950
40124
40124
1981
1903
2059
40310
1950
39889
40139
3354
40108
40264
39890
39890
1825
1809
40123
40061
1981
40186
40014
2122
40170
1903
1997
40139
1919
40061
1997
2012
40154
1965
1903
2090
39967
40264
39967
1887
1872
39936
2028
1872
39905
39998
40108
2091
40170
1872
40170
40217
2044
39874
1997
2028
39968
40139
40076
40123
1934
1966
1872
40139
2013
1950
1981
39874
40092
2262
39952
1888
1904
39999
39999
39999
2121
40123
40123
1997
1919
39998
2122
1888
40139
3198
40014
39998
40248
1997
1888
39843
40015
39827
2106
2091
40139
39874
39905
40139
40388
2246
40092
40997
40264
40108
40014
40045
2199
2012
2074
2215
1981
2075
39858
2122
40093
2169
40077
2075
39952
40014
2153
2075
40389
40046
40077
40217
2028
40030
2091
40154
39967
2012
1934
2246
40279
2090
2106
39952
40326
1950
39968
40061
2106
39983
2013
2153
2121
40045
2121
40092
2121
1997
1903
1919
2231
40124
40326
40061
2122
40030
40186
1934
2122
40077
2153
2013
2262
40061
2106
40092
40045
2153
2012
2091
2184
2153
2371
40077
2122
40045
2106
2278
2060
40451
40124
2013
2091
2293
2090
40045
2152
2792
2153
2028
2138
2808
2122
2528
2294
2169
2184
39952
40154
39936
2059
39999
40077
2075
2605
40217
40202
2028
2137
40155
40248
2059
2137
2106
40171
2184
40217
2121
40045
40170
40264
40108
2184
40202
40108
40202
39968
40280
40264
40263
40201
2854
40295
40123
40061
40217
2138
40139
40139
2262
40295
40295
40046
2621
39998
40076
2355
2309
40077
40279
40076
40123
40108
40405
2216
2231
40155
40186
40420
40420
40170
40186
40170
40123
2355
40092
2246
40435
40155
40186
40155
40045
40232
40201
40186
2293
40186
40233
2324
40139
40217
40201
40170
40264
2948
40201
40092
40170
40124
40186
40171
40202
40232
40326
40264
40201
40201
40201
40217
2340
40139
40155
40139
40233
2512
40217
40232
40779
40014
40264
40264
2372
40014
2309
40279
40404
40373
40092
40342
40295
40232
40310
2433
40045
40310
40310
40263
2480
2465
40279
40186
40123
40248
40342
40093
40373
40295
40342
40326
40139
40248
39999
40061
40280
2434
40155
40279
40217
40232
40263
40263
40263
40217
40186
40264
40155
40295
2527
40279
40264
42417
2559
2528
40155
40061
40248
40217
39827
2574
40155
40264
39812
40311
40358
40311
2418
40280
2496
40154
40263
40217
2496
2496
40139
2512
2418
40264
40249
40093
2559
40108
40217
40326
2496
2605
2590
2418
40233
40155
40514
39890
40342
40420
39998
2589
40232
40248
39795
40201
40248
40170
2480
2558
39967
40186
40420
40607
39968
2481
39952
2465
39858
2527
40357
40342
39858
40139
39920
2496
2558
2714
40311
39921
40170
39811
40280
3058
39968
39937
40373
40357
40123
2605
39842
2574
40342
39983
2559
39968
39983
2793
2605
39998
40326
2605
39874
40030
2605
2652
40514
40358
39983
2652
39905
40045
2745
2683
2605
2823
40030
3245
40451
39952
40124
41559
40264
2590
40046
2621
40030
40030
40092
40108
40108
2715
39999
40763
2714
2698
39983
40029
2699
2699
40123
40061
40061
39998
2745
3011
39983
2777
40077
40061
40248
2808
2745
40061
40139
2839
42448
40123
2762
40202
2871
2824
40171
40077
2808
40607
40139
40591
40154
40123
40092
2793
2855
40061
2683
40170
2901
2714
40201
39905
2840
40015
2777
40233
40217
2824
2777
2792
40170
2792
2902
40685
40217
2777
40170
2855
40107
40107
40279
2917
2855
39905
2730
39952
2761
40186
40108
40077
3573
2824
39937
40233
40124
40233
2808
39889
39842
2901
40154
40373
40264
40202
40170
2824
40077
2886
40185
39936
40217
39873
39921
2824
40186
40123
40389
40249
2949
40015
40202
40077
40202
39937
40217
40108
40123
2839
40311
2886
39796
2979
2886
40295
39842
40092
40092
3120
39858
40108
2917
2917
40201
39921
40108
40139
40124
39827
39999
40061
2948
39952
39812
39952
40108
39702
39780
39812
40326
39827
39780
40014
39921
40155
2995
39998
40436
3058
40202
3011
40030
39671
39858
40046
39827
40295
40155
39843
40311
3182
40045
39968
39937
39999
41871
39733
40030
40030
2995
39671
39968
40373
39890
39858
39765
40139
39858
40232
39842
39936
39717
39733
39920
39873
39858
39843
39952
40045
39718
39811
40108
39843
39734
40217
39983
3120
40108
40170
39920
39921
40014
39952
39983
39656
39858
39749
39812
40264
39842
39858
40279
39936
41995
40123
40107
3151
40373
3151
3151
40014
40030
39968
3260
39780
3135
39842
3073
39593
39812
39702
39686
39905
40092
39983
40373
3182
39811
39843
3089
40186
3198
39859
39905
39578
39780
39874
39874
39624
3073
39983
40124
39999
39952
40107
3182
3244
39905
40170
39905
41683
3338
39889
3073
39577
39967
39687
3230
3198
39765
3339
3183
39593
39765
3245
3260
3245
39718
39952
39905
39983
39718
39874
39843
39936
39624
39920
3151
39827
39920
3744
3167
39858
3323
39843
40123
39843
40061
40030
3370
39500
3198
39734
39469
39671
3214
39843
39718
39905
39764
3167
39983
40139
39843
3323
3339
3276
39874
3323
39812
39812
40061
40045
39780
39811
39717
39905
39967
40123
39733
3229
39625
3167
3370
39952
40420
39640
3416
39624
3276
40201
39671
3432
39718
39624
39843
39858
39812
39656
40092
3339
40326
3229
39811
39561
3416
3244
3525
39889
40139
3323
39796
39593
39671
39421
3260
39546
39843
39827
39453
39765
39734
39453
39921
39608
39671
3307
39593
39562
3292
39765
40014
39546
3276
39873
39889
39483
3291
3338
3478
3276
3338
3354
39702
40249
3339
39796
40171
3354
39796
39562
39671
3370
39500
39671
39734
40014
39640
39577
3401
39655
39609
42136
39734
39656
39624
39749
39608
39686
39546
3416
39749
40030
39671
39624
39609
40311
40046
3464
39671
3432
39624
39500
39858
39749
40279
39593
3556
39593
3494
3463
39671
3448
39609
3479
3479
39578
39625
39530
39749
39593
3448
39453
39609
39890
39734
39640
3526
39593
40279
39733
39639
39437
3432
3604
39593
3557
3510
3588
39734
39796
39780
39702
39702
3588
3572
39686
39718
39718
40186
3541
39765
3588
39639
39811
39561
3744
3759
39468
39593
39562
39531
39718
39609
3494
39702
39593
3682
39515
39562
39562
3572
3603
39484
3557
39749
39702
3557
39702
39578
3619
3541
39531
3666
39998
3634
39702
3541
39577
3666
39624
39562
39671
39609
3666
3775
39390
39686
3619
39718
39655
39406
39936
3619
39390
39375
39717
3666
39717
39687
3682
39702
39749
39671
3635
39656
39609
39890
39593
3666
39593
39562
39734
39734
39640
39811
39421
39842
39640
39655
39515
39500
3775
39640
39609
39765
39422
39374
3868
39515
39624
39577
39671
3713
39671
39422
39625
3838
39578
39609
41933
41200
39702
39499
39749
39546
3713
39702
39687
3822
3697
39359
39780
39655
3712
39405
39421
3712
39421
39453
39702
39889
39375
3791
39593
39515
39733
39499
39437
3759
3759
39296
39296
3822
39344
39484
39702
39437
3946
39655
39749
39889
39639
3822
39546
39843
39749
3791
39593
41965
3854
3806
39312
39624
39593
39608
39936
39468
39640
39562
39406
39578
42026
39655
39515
3853
42151
39515
39405
39780
39390
39624
39749
39827
3838
39437
3916
39718
3869
39999
39406
42027
39484
39687
39390
3915
4134
39406
39421
4087
39141
3900
39468
3900
39999
3931
39561
3962
39359
39967
39437
39671
39390
3947
3916
39437
39094
39188
39391
39437
3947
39484
3932
39671
39530
4009
39874
39952
39234
39562
39562
39219
39188
39624
39453
40029
3993
39484
39484
39562
39593
39577
39546
39031
3963
39359
39266
39718
3963
39718
39250
39281
40061
4009
39031
39328
39140
44164
39234
39437
39328
39437
39344
39468
39437
3978
4072
39312
39203
39109
39484
39781
4166
39266
39359
39125
39874
4071
4009
4649
39422
39312
4056
39219
4087
39281
39203
4056
39375
39671
39359
39156
4087
4087
39624
39765
39328
4118
39406
41137
39265
39391
39406
39515
39266
39079
39313
4103
39297
4103
39250
4056
39203
39187
39328
39312
39172
39375
4134
4150
4150
39218
39390
4165
4212
39281
39390
4165
39234
39265
39547
39313
39500
39281
4150
39281
39359
4119
39281
39218
39686
6318
4134
39297
4150
39266
39390
4212
39218
39265
39359
39437
4165
39718
4212
39219
39203
39250
39562
39265
39312
39218
4212
39249
4243
4212
4196
42073
5086
4275
4150
4228
4337
39078
4259
4306
4212
4150
4274
39359
4212
4384
39827
4290
4462
39297
39110
39375
4227
4352
39250
39265
39500
4353
4337
4368
39234
4352
4430
39390
38876
4306
39453
39234
4306
4290
39374
39437
39468
4336
39171
4274
4336
4399
39249
39343
39312
39328
39406
4368
39172
39001
38845
39016
4275
39001
39281
4493
4290
38704
4383
39343
39016
39453
4337
39156
39327
38735
4399
39078
4337
4415
39297
39141
4446
39328
4415
38891
4353
39109
4399
39109
39437
38392
39125
39344
39125
4555
39624
38798
38829
39125
39078
39125
4461
39062
4539
39125
39140
38813
38828
38969
38532
4399
38423
39125
39609
39141
4477
4462
39219
38938
4509
39125
38829
38860
39172
42260
38828
39172
39032
38954
5398
38220
4633
39218
4493
5366
4493
4586
4524
38923
4556
38438
4820
38454
38922
4540
38486
38922
37923
38579
38829
38891
38314
4680
38985
39328
39546
36878
38626
36894
41153
39062
34024
39359
38501
39344
38844
36910
38048
38485
38547
36909
38454
38548
34039
38080
35599
38610
38454
4649
36941
4618
35709
39157
38954
38454
4633
4695
36988
32402
31310
35740
36972
38673
4633
4680
38532
38423
34429
38532
4680
38594
34429
37003
7472
38002
32651
34149
34867
35787
4712
4680
38360
34117
34148
35786
37050
35802
34148
32667
34180
34164
4711
34180
4680
4727
34118
4711
33618
35833
4773
4758
33696
32760
4727
38579
4774
32683
4805
4789
4805
39234
38407
38157
35817
35911
38969
34585
38657
4805
5039
34289
40841
38454
38688
38844
4851
4851
38408
34695
34304
31060
34367
33244
34414
4914
38454
4930
4977
4992
38813
5008
4961
5008
4992
5070
5039
41855
5086
5070
5054
5102
5117
5163
5101
34601
5132
5117
36723
5101
5133
5179
5164
5133
5179
5194
5195
5148
5241
5242
5194
5194
5226
5273
5164
5258
5975
5242
5319
5320
5304
5195
5273
5288
5241
5429
5335
5382
5351
5351
5398
5367
5351
5413
5366
5366
5335
41309
5444
5367
41777
5382
5491
5444
5429
5397
5445
5491
5601
5507
5522
5569
5569
5647
5600
5616
5600
5631
6052
5678
5647
5710
5647
5694
5725
5710
5741
5663
5678
5772
5772
5725
5725
5772
5694
5850
5756
5741
5772
41403
5757
5834
5772
5772
5896
5740
5772
5912
5804
5772
5804
5804
5850
5850
5803
5865
5865
5866
5881
5788
41480
41355
43836
5897
5912
5803
5897
5850
5913
5834
5912
6006
5896
6021
5896
5960
5943
5897
6131
5944
5928
5881
6006
5928
6381
6006
5959
5928
6022
6193
5928
5959
5928
6053
6053
5959
6006
5975
5975
6037
6068
6006
6022
6021
36504
36177
6303
6240
6084
6021
6021
6130
6053
36223
6100
6053
6053
6084
6162
6084
6209
6147
6131
6116
6162
6146
6100
6178
6208
6224
40810
6162
6178
6225
6365
6209
6271
6364
6302
6318
6302
6318
6318
6365
6443
6380
6365
6365
6427
6427
6428
6443
6459
6458
6458
6490
6459
6459
6521
6536
6536
6520
6521
12495
6614
6584
6599
6645
6599
6630
6583
6708
6661
6770
6739
6755
6724
6770
6770
6770
6754
6786
6739
6755
6818
6802
6771
6802
6848
6801
6817
6864
6895
6848
6926
6911
6848
6957
6911
6926
6942
7004
6926
6926
6926
6989
7004
6989
6957
7004
7005
7144
7020
6989
6989
6989
7051
8362
7020
7067
7051
7129
7145
7238
7113
7161
7207
7192
7192
7238
7254
7254
7192
7270
7286
7317
7348
7332
7363
7909
7395
7363
7316
7378
7426
7379
7442
7332
7379
7410
7363
7379
7378
7347
43352
7472
7426
7379
7363
7426
7472
7503
7426
7488
7441
7473
7457
7473
7503
7581
7519
7535
7566
7504
7441
7535
7519
7519
7644
7519
7551
7598
7566
7534
7628
7659
7503
7628
7550
7504
7598
7582
7659
7519
7659
7738
7612
7612
8611
7582
7628
7660
7628
7831
7581
7660
7691
7613
7598
7644
7831
7706
11919
7769
7753
7768
9766
7722
7660
7754
7722
7785
7675
7769
7925
7737
7784
7785
7800
7784
7800
7894
7847
7894
7831
8564
7862
7910
7987
7940
7956
7956
7956
8658
7987
7987
8034
8314
8003
7987
8003
8003
8003
8003
8096
8003
8112
8143
8003
8003
8112
8018
8018
8002
8002
8002
8018
8018
8034
8019
8081
8034
8034
8205
8034
8034
8206
8221
8034
8034
8814
8034
8081
8253
8066
8050
8050
8065
8205
8299
8065
8221
8175
8221
8221
8206
8252
8065
8065
8065
8252
8081
8159
8174
8284
8066
8065
8128
8080
8080
8080
8268
8408
8268
8065
8221
8237
8190
8362
8065
8190
8315
8236
8174
8158
8236
8252
8393
8455
8378
8283
8174
8174
8253
8112
8284
8112
8237
8143
8393
8097
8378
8112
8300
8534
8283
8283
8315
8190
8517
8346
8283
8190
8143
8174
8299
8440
8206
8502
8346
8377
8377
8330
8174
8331
8408
8283
8205
8205
8378
8300
8393
8268
8533
8346
8346
9345
8283
8330
8377
8330
8408
8284
8300
8409
8237
8299
8346
8393
8377
8549
8393
8331
8330
8283
8268
8268
8674
8315
8331
8393
8330
8424
8361
8409
8471
8346
8361
8439
8362
8627
8377
8549
8424
8362
8378
8378
8362
8330
9375
8315
8330
8315
8299
8346
8299
8299
8299
8299
8283
8299
8299
8299
8315
8362
8502
8455
8440
8534
8409
9391
8486
8533
8486
8502
8580
8564
8470
8502
8502
8736
8580
8487
8580
8596
8596
8409
8595
8502
8642
8455
8471
8439
8517
8502
8596
8689
8518
8549
8721
8487
8549
8456
8456
8549
8549
8455
8486
8674
8533
8517
8580
8611
8627
8502
8612
8612
8487
8565
8518
8595
8564
8611
8658
8548
8689
8580
8642
8658
9657
8674
8674
8658
8673
8627
8580
8674
30264
8658
8673
8627
8643
8658
8627
9656
8705
8704
8689
8720
8798
8768
8690
8814
8658
8720
8720
8658
8783
8689
8767
8767
8829
8860
8767
8736
8689
8689
8689
8720
8705
8768
8721
8783
8783
8658
8673
8720
8829
8705
8767
8767
8767
8861
8783
8721
8782
8720
8767
8752
8736
8705
47815
8783
8986
8767
8861
8736
8783
8986
8877
8799
8860
8954
8798
8845
8814
8830
8814
8830
8830
8955
8845
9017
8814
8860
8876
8907
8846
8924
8907
8861
8845
8877
8985
8892
8923
9016
8923
8923
9017
8845
8814
8923
9095
8939
8876
8954
8954
8985
8892
8923
8908
8970
8767
8970
8970
8908
11404
9002
8970
9033
8907
8783
8907
8876
8939
8954
9016
8985
8939
8861
8955
8970
9063
8970
8908
9001
8923
8892
8954
8970
8954
9173
9080
9126
9064
8954
9079
9157
9048
9001
8954
8939
8986
9032
9017
9001
9079
8954
9001
9080
9033
9017
9392
9095
9048
9110
9095
9032
9017
9095
9111
9157
9110
9033
9064
9126
9079
9110
9204
9110
9126
9204
9142
9126
9407
9157
9157
9063
9110
9220
9142
9204
9157
9204
9313
9188
9204
9204
9188
9219
9360
9173
9204
9313
9173
9282
9251
9266
9235
9110
9204
9204
9094
9266
9236
9267
9189
9314
9407
9204
9407
9313
9345
9282
9204
9313
9204
9282
9157
9251
9266
9220
9204
9314
9313
9329
9297
9266
9266
9313
9423
9235
9360
9375
9375
9266
9391
9250
9313
9375
9313
9266
9282
9376
9329
9345
9266
9360
9297
9204
9250
9297
9469
9251
9329
9344
9516
9266
9267
9345
9547
9313
9375
9407
9407
9376
10733
9298
9345
9376
9235
9266
9360
9360
9360
9391
9251
9407
9360
9220
9360
9329
9391
9313
9375
9282
9360
9298
9360
9407
9376
9329
9469
9391
9251
9329
9469
9485
9376
9329
9314
9392
9360
9314
9266
9344
9360
9422
9344
9267
9423
9423
9438
9313
9578
9578
9485
9345
9516
9423
9298
9531
9329
9344
9297
9453
10530
9391
9360
9423
9423
9391
9500
9344
11731
9563
9672
9532
9391
9345
9438
9375
9454
9391
9423
30358
9484
9438
9422
9484
9547
9485
9438
9470
9376
9376
9469
9438
9469
9438
9407
9547
9407
9407
9921
9516
9532
9610
9672
9516
9469
9422
9438
9438
9626
9501
9438
9438
9438
9438
9532
9485
9579
10686
9516
9562
9469
9656
9579
9594
9579
9594
9609
9687
9641
9610
9594
9734
9719
10779
9594
30264
9859
10873
9703
9641
9704
9688
9734
9703
9656
9735
9703
9688
9719
9687
9687
9843
9640
9781
9734
9734
9734
9735
9797
9688
9797
9750
9828
9719
9657
9734
9843
9812
9718
9718
9796
9750
9812
9859
9734
9735
9844
9828
9843
9719
9797
9688
9843
9859
9734
10405
9874
9781
9906
9828
9953
9734
9875
9766
9797
9782
9750
9782
9828
9828
9781
10873
9766
9781
9796
9828
9843
9843
9828
9843
10015
9782
10125
9812
9828
9765
9859
9781
9875
9859
9921
10046
9906
9953
9859
9890
9922
9828
9843
9812
9968
9843
9875
9999
9937
9921
9875
9906
9968
9890
10062
9937
9968
9968
9969
9906
9891
9765
9874
9984
9844
9968
9906
9938
9922
9922
9828
10015
9937
9906
10015
9937
10000
10140
9891
10374
9921
9984
10047
9969
30248
10062
9921
10077
9765
10062
10093
10000
9906
9906
10156
10109
10000
9984
10016
9984
10016
9875
9921
9890
10078
9844
10125
9937
9891
9906
9860
9937
9968
10031
10202
9937
10015
10218
10015
9953
10015
9922
9937
9922
9922
10140
9999
9937
9937
9937
9953
9938
10094
10016
10016
10078
9953
9953
9953
9969
9969
11248
10031
9969
10187
9953
10000
10093
10031
10062
10062
10234
9953
9953
9953
9953
9968
9968
10062
10094
10077
10016
10016
10016
10016
10000
10000
10031
9999
10031
11388
10219
10016
10016
10000
10140
10000
9984
10218
10671
10156
10202
10124
10249
10249
10187
10015
10218
10234
10172
10172
10249
9999
10171
10327
10218
10218
10359
10218
10203
10015
10140
10234
10187
10219
10234
10015
10249
10015
10109
10234
10281
10187
10172
10218
10218
10015
10202
10015
9999
10077
10265
9999
10015
10000
10109
10187
10249
10296
10156
10000
10015
10015
10015
10156
10000
10000
10000
10280
10016
10140
10218
10125
10156
10000
10000
10156
10218
10140
10015
10156
11373
10015
10000
10015
10000
10265
10016
10000
10125
10000
10000
10000
10000
10015
10140
10015
10015
10000
10125
10203
10406
10172
10016
10031
10015
10171
10218
10015
9999
9999
10374
10202
10171
10390
10328
10093
10000
10312
10016
10016
10031
10234
10421
10281
10219
10312
10249
10328
49421
10250
10655
10093
10187
10281
10297
10265
10327
10312
10296
10296
10265
10265
9953
10141
10203
10531
10468
10358
10171
9984
10218
10280
10265
10281
10172
10437
10156
10141
10234
10280
10514
10499
10203
10374
10592
9984
10281
10249
10250
10405
10171
10109
10016
10281
10172
10093
10140
10265
10109
10936
10140
9999
10156
10046
10093
10203
10467
10265
13073
10094
10281
10327
10311
10203
10109
10109
10093
10109
10109
10094
10046
10093
10062
10124
10031
9984
9984
9937
9937
9921
10000
9953
10468
10109
10124
10343
10031
10187
10218
10062
10093
10203
10281
10078
9938
10047
9938
9812
12199
10312
10078
9891
9906
10281
9953
10047
9843
9922
9984
10109
9937
10078
10015
9937
10015
10296
9953
10047
10109
10078
10093
10062
10124
9999
10125
10031
10187
10062
10078
9969
9875
10140
9937
10109
9968
10125
10093
9969
10000
10140
9968
10046
10062
10047
10063
9844
10062
10202
9969
9938
10000
9859
10047
10077
10171
10109
10047
10062
9922
10046
10062
10000
10000
10062
9984
10156
10047
10078
10109
10015
10047
10172
10000
9922
10124
10109
10172
10172
10218
10250
10296
10421
10218
10234
10125
10015
10218
9953
10202
10093
10156
10140
10218
10218
10390
10312
9953
9969
10016
10202
10234
9953
10047
10140
10015
9937
10031
10249
10172
9953
12698
9969
10094
10046
10031
9891
10062
9984
10171
9953
9953
9984
10015
9813
9906
10047
9828
10172
10094
9860
9985
9984
9969
9953
9890
10343
10015
9969
9937
9922
10062
10202
12091
9984
10062
10202
10203
10109
9999
10156
9969
10156
10109
10125
10078
10218
9828
9766
10031
9891
9859
9969
9985
10156
9969
10265
10125
10281
10233
10171
10015
10312
9860
10109
9797
9937
9797
9906
9922
9890
9984
9984
9985
10124
9906
9953
9953
10343
10000
10000
10406
9969
9953
9797
9921
10062
9953
10156
9937
10016
9751
9938
9953
9766
9875
9922
10047
10140
9797
9906
9906
10031
10000
10109
10015
15787
9969
9860
9875
9922
10000
9985
10046
10858
10093
9891
10000
10062
10000
10046
10031
9953
9875
10094
9984
10063
10109
10000
10046
10233
9999
10047
10109
10046
9969
9922
9984
9968
10046
10000
10063
10265
10078
10062
10078
10015
10280
10296
9953
9875
9875
10047
9922
9875
9968
10873
10265
9921
10000
9985
9968
10031
10172
9999
10078
10078
10047
9985
10109
10031
10094
10094
9968
10093
10063
10046
10031
10031
10203
9969
10187
10140
10156
10062
10078
10078
10140
10093
9985
10156
10125
10047
10187
10078
10312
10140
10187
10062
10094
10156
10187
10233
9921
10063
9968
10109
9968
10125
10093
10218
10109
10374
10218
10296
10218
10202
10187
10156
10375
10156
10125
10093
9953
9968
9968
10296
10000
9969
10155
10218
10124
10125
10312
10109
10015
10156
10249
10155
10203
10296
10249
10796
10109
10218
10203
10078
10109
10234
10140
10203
10015
10234
10015
10016
10374
10156
10452
10124
10156
10187
10202
10062
10358
10140
10031
10015
10046
10031
10031
10031
10031
10047
10031
10031
10031
10016
10187
10140
10187
10187
10249
10047
10140
10327
10358
10171
10234
10218
10281
10359
10187
10312
10265
10140
10265
10172
10265
9953
10281
10156
9922
10421
10015
10124
10233
10031
10343
10343
10062
10265
10202
10171
10265
10467
9890
10701
10062
10094
10406
9875
10250
10343
10343
12043
10000
10187
9953
10156
9844
10046
10296
9875
10218
10140
10016
10281
10155
10015
10608
10140
10421
9969
10016
10172
10203
10328
9968
9984
10171
10140
12293
9953
10062
9968
10109
10124
10233
10171
10233
10467
10187
10016
10031
9953
9953
10390
10218
9969
9937
10311
10000
10062
10015
10047
9969
10421
10000
10047
9985
10063
10031
10124
9968
10218
10031
10328
10250
10016
10015
10000
10078
10468
9953
10405
10062
9922
10093
10109
9938
10265
9891
10233
9969
10093
10047
9922
10063
11996
10015
9969
10031
10187
9984
10015
10233
10233
10125
10203
9937
10202
10047
10202
9985
10031
10187
10140
10328
10171
9999
10187
10156
9937
10094
10109
10312
9844
10093
11607
10265
10078
10280
10109
10234
10156
10187
10125
10593
10031
10670
10249
10281
10219
10125
9922
10140
9797
10265
10172
9860
11013
9843
9844
10031
10203
10031
9984
10015
10140
9844
10234
10031
9891
9813
10000
10203
9891
10156
10218
9906
9875
10109
9844
9891
10593
9969
9844
10577
10000
9844
9875
9922
10109
10109
9797
9999
9937
9859
9859
9922
9984
9984
9750
9922
9875
9953
9828
9969
9937
12246
9859
10047
10078
9891
9969
9797
9985
9734
9968
9922
9938
9969
9844
9953
10031
9922
20421
10187
10000
9937
9766
10328
9953
10062
9968
10015
9875
9953
9875
9907
10297
9984
9782
9891
9921
9937
9984
10015
9875
9968
10031
9906
9953
9969
9906
9859
10031
9906
10078
9985
9953
10109
9968
10203
10171
9937
9859
10031
9922
9984
10000
10483
10249
10281
10015
10031
9968
9984
10063
10078
9953
10046
9969
12059
10062
10094
12168
9999
12339
9969
10015
10015
10125
10062
10140
10015
9985
10156
10000
9672
10155
14040
9906
9859
9922
9860
9953
10047
9750
9875
9875
9875
9843
9797
9687
10296
10249
9891
9766
9751
9907
9781
9859
10000
9922
9781
9829
9953
9985
9751
9891
9890
9828
9968
9859
9766
9812
9688
10062
9766
9812
9891
9828
9828
9859
9907
9875
9797
9907
9907
11996
9688
10077
10140
9781
9860
9922
9907
9875
9860
9750
9921
9906
9859
9844
9813
10016
9859
9906
9719
10094
10015
9891
9891
9875
9969
9922
10016
9938
9891
12153
10109
9968
9844
9860
9812
9812
12090
9938
9672
9844
9874
9890
9781
9906
9813
9782
10016
10015
10016
9906
9906
10093
10109
9813
12402
9891
9891
9875
9843
9875
9750
9874
9874
9984
9984
9906
9937
9984
9813
9859
10156
9859
9766
9828
9750
9734
9875
9766
9891
9719
9906
9828
9797
9906
10171
9875
9766
10109
9922
9766
9844
9860
9828
9860
9828
9999
9828
9797
9766
9781
9766
9734
9906
9875
9781
9891
9922
9813
9875
9828
9828
9953
9750
10108
10015
9952
9828
10327
9922
9984
9843
10218
9984
10031
9937
10031
9952
9952
9984
9906
9969
10062
10015
9891
10047
10047
9844
10140
9797
10312
9937
9999
10047
10031
10046
10093
10093
10077
10140
10108
10187
10311
9984
10094
9750
10280
9969
9859
12137
9984
13837
10077
9688
11934
10234
9765
14274
61293
9531
12215
12152
14321
8861
14696
8424
16006
68126
11965
69452
69140
35709
38174
40077
234
40233
47
40264
40217
40249
40186
40061
40139
281
39967
203
40217
359
328
40217
40093
40295
40170
312
125
40170
343
265
453
266
156
265
40295
109
234
40108
40296
297
39952
280
297
328
93
46
312
156
312
515
39999
296
296
484
110
187
187
40171
40279
39858
171
40108
94
40374
328
250
187
125
141
296
156
156
172
188
39999
47
156
39921
40046
608
109
218
172
188
39874
62
218
187
140
296
265
187
62
140
312
266
234
249
125
312
187
312
281
94
40061
249
156
265
296
281
202
39983
312
328
39937
234
312
343
297
437
234
390
203
265
421
608
406
40123
234
343
47
484
359
40217
343
359
265
390
172
187
234
312
312
359
312
39983
453
343
483
234
655
187
156
40514
94
40014
203
40155
328
655
40435
265
281
265
281
172
40124
187
40202
265
484
499
281
281
40171
608
62
187
62
468
281
250
858
343
219
140
40217
249
265
265
40264
39999
390
234
40124
187
203
531
250
172
234
250
281
141
171
265
764
873
484
109
281
110
546
296
40077
265
312
47
40077
281
202
312
312
312
188
281
312
234
234
249
249
312
234
249
40030
280
546
296
40061
40140
609
219
390
219
140
359
2340
390
436
327
296
280
281
515
40124
889
281
468
39906
296
312
484
297
312
639
312
374
281
359
344
344
281
281
39905
577
421
312
312
250
39936
374
312
359
390
375
421
374
390
390
39905
281
405
436
405
468
40030
234
406
296
359
234
515
499
328
39968
312
296
374
500
874
546
578
40093
40061
187
359
281
484
359
437
359
296
499
156
530
530
452
39999
312
312
40124
406
515
422
468
219
437
483
530
561
453
484
187
40202
344
437
40171
40201
312
312
2449
452
171
312
390
421
359
406
312
40170
39905
328
484
390
40326
358
608
40358
250
234
359
359
39890
952
187
328
280
358
483
2246
468
358
452
296
484
328
375
328
375
562
312
452
203
327
219
343
624
358
640
359
577
343
421
328
421
453
280
343
437
1077
281
296
343
281
375
343
343
40030
421
483
530
328
422
328
359
530
40061
468
39936
530
406
328
39828
343
390
40233
405
764
328
671
437
39796
453
453
406
390
436
468
468
421
468
421
39890
343
39921
484
483
514
499
546
546
468
530
39889
734
453
39905
717
764
42167
546
40030
42307
374
421
2434
530
484
577
39859
639
577
608
2246
343
608
546
624
561
639
546
592
920
452
328
640
530
578
531
40123
561
593
390
405
639
468
609
546
452
390
312
421
609
546
608
702
718
297
312
515
562
655
468
468
40014
546
484
328
687
562
562
983
686
577
421
624
296
468
639
640
359
546
546
702
40404
40077
327
40264
359
453
765
421
1138
468
500
546
421
795
484
515
577
546
531
421
499
530
39999
515
40030
562
40030
344
531
499
40045
531
562
562
421
40046
437
530
546
40061
546
343
484
453
453
593
468
499
297
468
39983
40077
515
359
405
40108
483
546
687
406
40076
531
531
515
499
39983
40139
687
436
546
889
484
437
40218
578
561
499
39967
562
468
655
796
499
40279
40201
608
561
578
546
40202
671
484
702
593
546
655
562
40248
483
40015
671
858
40108
640
640
40202
40467
656
40295
1373
702
702
2574
40202
687
40062
1076
717
639
546
702
639
733
702
749
655
40202
687
734
733
40435
40155
749
2278
40202
640
764
40280
40092
40140
842
764
639
546
843
811
858
733
546
499
811
718
796
546
780
686
858
749
40202
718
873
733
546
40249
998
858
40171
609
44149
1123
702
795
40186
796
811
936
671
749
40264
780
686
967
764
905
40233
687
702
826
40248
670
780
40092
827
796
718
905
811
40233
593
764
40186
765
40062
780
40249
686
2511
39967
686
1076
749
40171
717
748
655
483
40311
811
593
40264
764
858
858
515
795
40264
796
843
749
39952
639
593
39983
670
40154
640
874
39843
40810
40171
1280
765
780
671
640
687
1217
40170
608
873
608
40217
655
796
640
671
951
748
670
671
562
749
40420
593
609
640
671
811
608
671
687
671
40030
40015
952
998
40279
811
874
718
827
40030
40046
40046
765
858
749
40093
826
780
39983
780
40092
1014
733
39984
827
842
842
39967
827
733
733
1139
40124
1170
40046
826
40014
858
40186
39843
40638
749
749
40202
40217
749
905
40123
40092
40076
39906
874
968
999
858
842
40014
967
40061
40108
40014
40155
858
936
40155
39952
983
967
40092
1014
951
967
982
967
1014
1014
1045
39952
40092
983
1139
1061
40202
1092
921
983
1014
1014
1029
982
1014
40014
1170
983
1014
999
1045
40171
1076
1045
1076
1076
39983
1030
1092
1076
1092
40077
1092
40077
1139
1123
39796
967
2699
39952
1154
1061
1155
2715
40092
39796
40202
40139
1092
1139
1155
1154
40014
40076
983
40014
1170
39890
967
39843
39921
1201
40202
1123
1186
999
1170
1076
1045
39702
1107
1061
1076
39983
40030
40077
1186
1124
1155
40171
1014
1155
1123
1154
1107
1357
1139
1061
1123
1139
1342
39968
1373
40045
1092
1123
1154
1264
40140
1124
1264
40279
39967
1092
1373
1201
1201
1045
1076
39967
1154
39859
1186
40093
1263
39905
39967
1232
39936
1232
1092
39843
1170
1107
1232
39921
39890
39890
40202
1342
39984
1279
1263
39967
39890
1232
39828
39858
39843
39890
4587
1435
39843
1310
1294
1435
1295
40092
40264
40062
1404
39921
40514
40155
39936
40155
39874
1809
40170
39952
39843
1576
39968
39921
39906
40045
1216
40420
40374
1404
40217
40123
2995
40046
40014
1170
39968
40015
39921
40139
39983
39999
3229
40170
40092
41918
40030
39921
40061
39812
40108
39780
40155
2184
39921
39781
39874
39952
39874
1217
1389
39718
39702
39952
40373
1373
40015
40296
39780
39983
39812
1529
39827
39921
1560
40498
1513
39671
40046
1529
39906
39921
1467
1513
1529
39906
39687
40155
1404
1622
39765
39796
39874
40030
39671
40233
1622
39702
1451
1482
1497
40030
1482
39874
39905
39671
39889
1544
39921
39889
39967
39874
39796
39890
39781
39702
39702
1654
39811
1357
39921
40311
39952
1654
39827
1669
1497
1529
39780
1576
39936
39874
39873
39920
39983
39921
39859
1154
39874
39811
1466
39905
1451
3120
1825
39749
39921
1653
40529
1388
39936
39936
1763
1248
1622
1279
1825
1841
39890
39764
1279
1622
1528
1279
39967
39858
1778
39718
1326
39874
1841
39952
1030
39811
39655
1669
39842
1014
39999
1467
1077
1326
1560
39827
1903
42510
1108
1358
39718
40108
39780
1872
1513
1154
1279
1716
40186
1545
39765
39749
967
39921
39781
1545
39874
39749
39811
1716
952
4727
39796
39765
1030
1357
1373
1076
1419
967
40061
1092
905
40233
1201
1544
1341
967
39842
39827
1232
40326
1310
39812
39952
1124
1092
1061
39905
39905
39827
39921
1233
1279
1467
1045
1810
39874
874
39920
39889
1154
1295
39983
39843
1139
1108
39999
749
39874
39843
1092
39890
952
39749
1497
1029
1528
39811
1061
1264
1139
1046
999
1295
1029
39998
39983
936
1077
39983
1092
39796
40014
827
1482
889
967
858
1341
1528
39811
967
1030
39936
858
1358
39968
39796
1061
998
39874
39983
40030
1154
40061
1029
951
39936
40014
40077
1279
40077
40077
39874
39983
39952
39998
951
39921
40092
39890
952
889
39967
952
40030
1139
39967
40186
39890
999
1029
39936
1264
982
1201
39936
40014
983
1904
39983
39968
1061
39920
39920
40014
1107
39889
39951
1139
1139
39937
1046
1108
1202
40014
40046
39998
1341
1170
951
40186
1092
1061
1092
1295
1061
40155
1092
39999
40014
1045
998
40061
998
1092
39952
39905
40077
1030
1233
1295
1092
1060
1092
1045
1108
1123
40093
39983
40170
39983
1232
1419
1232
39999
1186
1186
40841
1248
1170
40030
1185
40045
1248
1217
40139
1216
40154
40170
1248
39999
1233
1248
1217
39905
40061
1279
1279
40077
1420
40295
40015
1404
1326
39921
1280
1263
1419
1326
1326
1341
1482
1279
1310
40170
1326
40139
40155
39936
39983
1295
40170
1310
1341
1404
40092
40186
40030
1404
1264
1264
40248
40061
1388
40202
1420
40233
1435
39889
1451
39796
39858
39842
40030
1295
40092
39795
1419
40061
40357
1295
39858
1373
1451
39686
1497
1528
39702
1529
39952
1576
40139
1607
39812
40451
1482
1451
1419
40326
1513
39921
39843
1576
1435
1482
1482
1591
1497
39827
1497
1435
1466
1622
1498
40015
1514
39656
1560
39936
1497
1466
39936
1513
1779
1685
1560
1497
1497
1544
40030
1545
1545
39921
1529
39781
39796
39905
1544
40123
39874
39671
39702
39812
1622
39842
1575
1544
39749
39952
39858
39796
39859
39796
1607
1700
1607
39796
39905
40014
1638
1825
1606
39905
40045
1638
39889
1950
1638
39780
1684
39858
39749
1716
39780
1685
39812
39718
39781
1670
1653
1747
1731
39889
1685
39905
40030
1701
40139
1747
39859
40015
1763
1716
39842
1716
1763
1700
1700
1685
1747
39890
39889
1762
1731
1716
1778
1747
39890
1794
1763
40093
39842
2964
1731
1794
39889
1716
1607
1763
1810
39905
1732
1716
1809
39546
39546
1794
39515
1826
1716
1856
39562
1794
39999
1981
39936
1841
39671
1887
39546
39515
1794
1810
39781
39921
1857
39765
1810
1826
6989
39686
1778
1747
1825
1794
1794
1841
1810
39655
39593
39920
1731
1872
1981
1856
41964
1856
39593
39593
1903
1778
40030
1982
1872
39562
40280
39921
39578
39734
1732
1888
39796
39593
39734
40498
1825
1872
3525
39437
39608
1856
8439
39312
39577
39640
39593
2044
40171
1841
1888
39781
40139
39843
1888
39686
42011
1872
39702
39812
39452
39671
1826
39469
1794
39796
1748
39546
39655
1981
39530
1856
39421
1903
39530
39920
1966
40264
2012
39655
1950
39578
1982
1826
39593
39983
39281
1887
39531
39593
1996
1887
39515
2231
1888
1950
39422
39531
39406
39827
2013
1903
1981
39546
2074
1996
2074
39483
39125
1934
1918
1872
1934
2012
39437
39047
39577
1997
39219
1872
39500
1935
1965
1950
39499
39608
2122
39547
39094
1997
39281
2028
39593
39531
2153
2013
38954
1982
1997
2028
39156
39561
39249
39141
2075
39125
39375
39640
39094
2075
39733
2153
39109
39125
39172
39156
39874
39296
39265
39296
39312
2542
2153
39172
2153
39031
39203
2496
39203
39203
39141
39437
2309
39469
2215
39110
39983
2355
2184
2230
2246
39172
2184
39219
39047
2262
39234
39125
39593
2371
2168
2231
2169
39047
2340
39296
2262
2168
39063
2184
39266
2137
39452
39218
39281
2278
39156
42214
39484
2246
2293
2230
39250
2309
2403
39203
2403
2356
39266
2403
2277
39187
41823
39156
39219
39468
2356
39328
39203
2293
2402
2371
39312
2247
39203
39266
2325
39249
2433
2278
2465
39359
2278
2247
39235
39235
39219
39063
2371
39109
2247
39312
2340
39328
2262
2620
39312
38813
2402
39312
38829
39219
39219
2418
39047
2434
2372
39188
2309
39265
2433
39266
39063
2387
39359
39327
38766
2464
39031
38937
2465
2434
2481
39110
39203
2433
39187
39031
38954
39110
39578
2527
39234
39327
2355
39109
39156
2434
2356
2418
2309
2309
39062
38626
2465
2527
38859
38844
2324
39265
38953
39000
2543
2340
2480
38673
3448
2387
2481
38782
39079
2481
2372
39047
38782
38750
39109
38813
2480
2605
38766
38907
38969
2542
3712
38750
38672
2511
38751
39094
38891
39047
2449
2325
2512
2433
38782
38610
2449
38876
2418
2418
38969
2652
39702
2418
2528
39328
38657
3744
38594
39047
2402
38719
2387
2605
38688
38579
2434
38766
2543
2418
2621
2434
2527
2433
38594
38750
2433
38579
38673
38688
2574
2590
38688
2496
38548
38642
2511
38719
2745
38594
2465
38610
2511
2449
2527
38610
38532
38501
38563
2527
2496
38563
39250
38876
38439
38501
38845
38564
38594
38626
38626
2559
2512
2574
2574
2543
38829
2621
3822
38626
38626
38719
2589
38672
38891
38688
38735
38439
2590
38657
2730
2699
38532
38485
2652
38579
2621
38720
38657
38516
2683
38657
38564
38751
38766
38610
2714
38345
38345
38517
2668
38595
38735
2652
38688
38720
38564
2683
38610
2730
2698
38423
38548
2886
2824
38875
38392
38564
2668
2715
2730
38797
2777
38345
38704
38595
2761
39422
38673
3151
2808
38282
2652
38251
38501
38360
2714
38595
2777
38641
2777
2746
38595
2855
38595
38455
2762
3916
38548
38735
38563
2714
38392
2902
41450
38579
38751
2793
38142
38516
2917
38688
38844
38454
38516
2839
2792
2808
38485
38392
38111
2793
38345
38377
38470
38501
38501
2917
2824
38517
38486
38408
38439
2886
2808
38345
38516
2932
38579
38189
2839
38095
2824
38407
38688
3884
38782
2730
38345
2855
38252
38564
38345
38204
4056
2886
38579
38064
38454
2761
38470
38173
38064
38252
2949
38173
38438
2761
38891
38439
38158
38376
38173
38189
38143
38205
2964
2793
38158
2808
38642
2808
38407
38844
38173
38423
38095
38205
38174
38330
38220
3058
2839
2824
38423
2761
2776
38064
38345
38189
38189
38157
38813
38173
2746
2995
38844
2917
38220
2902
2777
38392
2964
2870
38221
2901
38204
38485
38329
38189
38267
38485
2870
38251
2964
38283
2932
2761
38189
38423
38236
38517
38610
38205
2933
38782
2886
2793
38767
3198
38189
38236
38236
38111
38252
38142
38252
2949
37955
38485
2979
38189
38142
2933
38205
37986
38314
38953
2949
37893
38252
2964
38299
38252
38252
37955
2870
38204
38267
3105
38236
2980
2964
2980
2933
38361
2949
38423
38080
38220
37986
2886
38235
38641
38048
38236
2839
2948
38220
38251
3026
38922
2980
2917
2933
2996
38392
37862
3167
2949
37987
38111
38049
38002
38173
38423
38251
38236
38142
2870
38392
3167
37971
2933
38018
2964
37659
38267
2980
38126
38095
37923
2964
38049
38049
37877
37939
3074
3042
37612
38080
2964
2949
38127
38376
3026
38360
38236
37939
37768
38142
2948
37940
2902
38392
37596
37799
38080
37923
39140
37643
38360
37783
37689
38735
37971
37830
3104
3011
3011
3245
37487
3167
37706
37986
37487
38048
38454
38080
37814
38360
38267
38501
38392
37861
37923
38001
3338
3167
38267
37675
3089
37550
3074
37612
3104
37658
37814
37908
3073
37627
3042
37659
38002
37752
37737
3089
37924
37362
37627
37689
4352
37846
37830
3120
3260
37456
37440
3105
37628
37893
37503
3120
37331
38251
3198
37658
37830
37799
37736
37783
3151
37440
37456
37502
38314
37783
37892
37799
37378
37362
37689
37643
39000
37440
37503
37596
3136
37674
3182
37612
3323
37362
3260
3151
37519
37503
37924
3152
37456
3198
38080
3182
38501
37487
37721
37768
37690
3167
37534
3183
37846
37534
37674
37658
3244
3198
3213
3213
37767
37643
4446
3198
37581
38408
37285
3214
38080
3229
37737
37924
37706
3573
3244
3338
37347
37519
3276
37565
3354
37487
37534
38065
37456
37534
37502
37518
38860
37487
37596
37611
3354
37440
3354
37424
37471
37081
37596
3338
3276
37378
3385
37363
37378
37394
37456
37394
3401
37580
37612
37674
37190
37471
36972
3385
3323
37331
3401
3307
37471
3354
37377
37175
3369
37237
37565
3416
36941
37315
37175
37627
3416
37081
37971
37082
3354
36941
37378
37019
3401
37144
37503
37237
37518
37502
37565
37456
36988
37144
37456
36894
37284
3495
37362
36972
3478
3666
3478
3400
37003
3494
37066
37097
36895
37316
37051
37253
37721
3510
37300
37050
37128
37066
36988
36987
37081
36723
37113
37440
37128
3494
37456
36988
3541
37690
36972
38205
37004
37082
3541
37081
3525
36988
37050
36972
36785
36957
37924
37238
3463
37097
3495
37955
3526
3556
37284
36987
37424
37830
36707
36723
3573
3464
37456
37160
3573
37035
36988
38314
37346
36847
3635
36738
3526
36801
36801
36863
36551
37143
36863
37674
3681
37003
37128
3712
36785
36629
37144
37659
38642
37175
37175
37112
3588
3603
37034
37472
36738
3729
36894
37628
36426
37190
37549
3728
37050
36675
3588
36769
36801
3650
36863
3698
3620
36629
37441
37378
3620
3573
37238
36879
36973
3588
36661
37643
36224
37237
36769
3713
36941
36801
37222
36863
36894
3697
3619
36753
3666
3634
3697
36613
36645
37175
36832
36691
3666
36941
5148
36536
36832
3666
3759
3822
36426
3697
36551
3651
37019
36176
38438
3712
36519
36878
36832
36567
36879
37752
36598
36816
36270
3884
36817
3963
36411
36099
36333
36988
3822
3728
36535
3744
37346
36270
3744
37550
35974
36208
36489
37144
36551
36567
37393
36410
36208
37347
36457
3775
42042
36301
36411
36567
36442
36146
4712
40607
36426
36582
36442
36644
3900
37066
36504
36348
36426
36598
36410
36317
36426
36426
36519
36847
3744
3822
39187
36442
35023
36317
3838
36629
36489
36395
35335
34679
36348
36488
3837
36458
34851
36520
36395
3807
3900
37097
33992
36363
36317
34975
35693
35677
32495
36145
36645
36442
36504
3869
36255
36473
3916
36349
36427
36177
36021
36489
36114
37128
37159
36816
3916
36567
36286
35927
3900
34133
34975
35724
34632
3931
33119
36333
35989
35631
3916
35880
35662
35381
35038
3932
3932
35896
35287
3947
36676
40342
4025
36317
33150
3978
35490
3947
35084
35303
3978
36254
35381
36675
35661
37237
31699
36489
35569
3962
36613
36613
35163
4041
36285
4025
4087
36442
4025
4072
4165
36052
36707
4102
5008
4119
36177
4149
4149
4166
32822
4071
4103
35022
4150
4196
4150
4134
4134
4244
4056
4321
4243
4243
4290
4118
4180
4259
35537
4228
4088
4134
4134
4134
35162
4180
4118
4165
4181
4228
4228
4181
4212
4290
4446
4244
39687
4415
4244
4368
4196
4321
4322
4181
4275
5194
4336
4306
4430
4353
4337
4368
4384
4384
4431
4478
4368
4414
5148
4353
4400
4400
4399
30295
4337
4384
4446
4446
4430
38844
4352
4431
39406
4415
4431
4383
4446
4478
4509
4462
4555
4524
4540
5366
39219
4602
4524
4555
4524
4633
4539
4556
4618
4586
4602
4680
4836
4695
4711
4617
4664
6458
4680
4664
4805
4758
4789
4711
4727
38984
4790
4773
4868
4852
38298
4882
5756
4914
4945
5008
4961
39437
4977
5070
4976
5023
5023
4976
4976
5054
5023
38157
5054
5039
5055
5070
5116
5195
5163
5210
5148
5163
5226
5195
5304
5241
42401
5226
5304
5226
5382
5476
5397
5367
5304
5335
5445
5366
5351
5304
5382
5397
5413
5382
5367
5398
5320
5335
5413
5382
5460
5445
5445
5506
5522
5460
6209
5445
5476
5475
5491
5554
5584
5678
6303
5601
5600
5600
5632
5647
5663
5647
5709
5710
5663
5679
5741
5678
5678
5710
5710
5960
5788
5679
5741
5928
5804
5757
5787
30529
5803
5850
5834
5834
5772
5804
5819
5834
5850
6006
5897
5897
5928
5959
5912
5975
5959
5913
5943
6006
6038
5865
6037
5912
5975
6022
6006
6022
6022
6115
5974
5974
6037
5944
6022
5991
6115
6037
5990
6131
6068
6115
6162
6037
6068
6084
6178
6084
6115
6146
6115
6162
6084
6224
6146
6193
6178
6177
6115
6130
6146
6349
6116
6178
6178
6412
6194
6162
6162
6240
6225
6178
6177
6193
6271
6178
6256
6209
6272
6225
6256
6287
6240
6224
6256
6256
6287
6287
6240
6240
6302
6287
6443
6255
6271
6271
6302
6365
6303
6365
6583
6364
6459
6474
6458
6505
6427
6381
6459
6411
6552
6474
6583
6458
6474
6583
6521
6490
6505
6536
6567
6567
6537
6552
6567
6615
6739
6786
6724
6739
6770
6849
6771
6677
6755
6770
6723
6848
6708
6817
6802
6802
6879
6833
6786
6926
6817
6864
6786
6817
6926
6848
6864
6818
6974
6896
6802
6849
6895
6848
6880
6911
6817
6879
6817
6848
6864
6786
6802
7036
6896
6879
6926
6911
6911
6927
6895
6895
6910
7020
6926
6958
6989
6989
6926
6926
6926
6911
6958
6895
6973
6910
6973
6957
6973
6911
6974
6958
7005
7066
6988
6973
6988
7036
6989
6989
7020
7020
7036
7036
7161
7098
7035
7052
7441
7113
7098
7114
7130
7160
43634
7176
7176
7207
7208
7208
7192
7176
7207
7238
7207
7207
7192
7207
7223
7239
7301
30186
7301
7270
7223
7223
7192
7239
7161
7207
7254
7207
7316
7348
7254
7317
7347
8081
7285
7223
7239
7379
7348
7285
7316
7300
7332
7285
7363
7285
7192
7286
7348
7395
7270
7270
7317
7347
7238
7410
7363
7301
7285
7363
7332
7348
7332
7332
7363
7254
7379
7395
7364
7394
7332
7441
7410
7379
7348
7254
7316
7363
7410
7410
7534
7394
7363
7706
7348
7426
7535
7457
7286
7426
7488
7394
7441
7348
8268
7442
7473
7332
7519
7488
7410
7519
7519
7363
7363
7441
7426
7488
7363
7441
7488
7488
7441
7519
7457
7441
7534
7503
7488
7566
7519
7457
7457
7629
7426
7488
7472
7503
7488
7534
7550
7550
7566
7504
7520
7504
7520
7691
7472
7503
7582
7535
7551
7566
7504
7550
7597
7800
7551
7676
7613
7753
7629
7644
7769
7597
7597
7628
7612
7612
7644
7644
7566
7598
7660
7644
7675
7707
7660
7597
7660
7629
7690
7597
7628
7769
7847
7706
7644
7659
7675
7831
7722
7722
7862
7691
7847
7737
7737
7691
7785
7691
7737
7831
7831
7754
7722
7753
7894
7847
7862
7831
7894
7878
7769
7816
7847
7863
7785
7800
7863
7815
7847
7816
7894
7753
7847
7893
7846
7893
7768
7878
7909
7784
7847
7738
7894
7785
8019
8752
7785
7784
7800
7831
7956
7878
7831
7800
7940
7909
8112
7941
7862
7940
7893
7941
7941
8783
7987
7831
7893
7893
8065
7878
7940
8081
8205
7878
8096
8019
7941
7971
7987
7846
7846
7971
7924
7987
7987
7847
7925
7956
7972
7972
7941
7941
7956
7940
7925
8268
7956
7972
8065
7987
7987
7940
7987
7972
7940
7956
8144
7941
8050
7972
8019
8221
8003
7956
7972
8081
7956
7972
8003
8019
8112
8175
7972
8019
8097
7940
8034
8081
8128
8128
8034
8112
8096
8174
8081
8096
7940
7987
8081
8034
8034
8003
8097
8097
8002
8112
8112
8065
8096
7972
8221
8128
7987
7988
8112
9032
7971
8049
8019
8034
8299
8127
7988
8299
8346
8143
8003
8128
8236
8065
8096
8112
8112
8158
8065
8050
8018
8143
8081
8081
8174
8112
8066
8128
8112
8112
8097
8346
8206
8175
8221
8143
8143
8190
8377
8237
8175
8143
8159
8205
8190
8221
8143
8143
8268
8127
8190
8206
8159
8206
8190
8159
8174
8190
8221
8221
8268
8237
8284
8392
8346
8299
8362
8346
8315
8377
8361
8361
8330
8393
8409
8377
8392
8377
8362
8549
8486
8424
8362
8408
8330
8518
8455
8393
8392
8424
8471
8456
8440
8533
8439
8346
8471
8533
8439
8486
8486
8440
8549
8487
8378
8471
8409
8440
8471
8471
8486
8517
8377
8455
8440
8549
8502
8424
8533
8517
8517
8517
8440
8549
8456
8611
8486
8673
8533
8580
8487
8533
8548
8517
8564
8534
8736
8549
8549
8673
8626
8517
8611
8642
8580
8549
8580
8580
8705
8565
8580
8626
8580
8580
8643
8627
8643
8627
8518
8673
8627
8611
8533
8627
8627
8642
8658
8642
8642
8658
8658
8658
8642
9734
8783
8829
8892
9797
8736
8627
8705
8705
8720
8705
8705
8612
8627
8720
8705
8798
8736
8642
8736
8782
8705
8752
8752
8658
8721
8736
8799
8798
8752
8814
8783
8751
8814
8845
8798
8798
8783
8798
8783
8814
8752
8829
8845
8814
8830
8861
8970
8829
8829
8829
8829
8798
9032
8892
8923
8955
8892
8954
9063
8923
8924
8924
8923
8939
8908
10125
8908
8986
9141
9017
9001
9172
9032
9032
9033
8970
9048
9033
9048
9095
9095
9095
9111
9017
9095
9142
9079
9094
9126
9048
9251
9188
9079
9110
9064
9142
9157
9095
9173
9017
9329
9064
9204
9141
9172
9204
9266
9032
9188
9048
9204
9204
9126
9188
9173
9189
9189
9235
9048
9001
9095
9220
9142
9220
9158
9220
9236
9235
9235
9173
9220
9126
9251
9282
9298
9158
9251
9251
9298
9297
9219
9173
9204
9391
9251
9172
9282
9266
9328
8985
9360
9173
9266
9235
9266
9236
9079
9329
9267
9235
9297
9313
8985
30186
9516
9298
9204
9173
9298
9470
9080
9080
9360
9235
9017
9079
9484
9360
9298
9500
9391
9313
9095
9470
8970
9048
9017
9126
9344
9172
9048
9625
9532
9095
9126
9438
9141
9641
9297
9219
9189
9625
9110
9126
9548
9329
9266
9172
9360
9126
9235
9126
9095
9173
9578
9251
9500
9266
9250
9531
9640
9220
11731
9657
9204
9204
9282
9110
9298
9392
9454
9360
9423
9516
9438
9375
9235
9219
9266
9189
9220
9313
9032
9469
9657
9345
9220
9578
9126
9189
9485
9563
9094
9360
9375
9298
9173
9531
9219
9344
9048
9360
9095
9407
9220
9079
9110
9282
9267
9313
9095
9328
9032
9032
9095
9266
9173
11201
9454
9313
9188
9220
9111
9297
9251
9188
9189
9282
9189
9563
9017
9017
9048
9422
9282
9438
9126
9328
9313
9251
9266
8939
9188
9110
9282
9220
9360
9297
9219
9656
9064
9063
9126
9298
9048
9126
9032
8986
8955
9126
8985
8861
9079
9016
9188
9344
9189
9188
9188
9110
9625
9017
8970
8970
9189
9032
9095
9064
9063
9111
9048
9048
9422
9002
9079
9267
9048
9157
9017
9079
17238
9188
9064
9017
9142
9001
9064
9204
9142
9173
9111
9079
9110
9454
9173
9392
9141
9157
9033
9219
9173
9219
9235
9126
9126
9048
9048
9235
9141
9033
9095
9360
9172
8907
9141
9282
9063
9500
9188
9111
9126
9095
9048
10078
9142
9017
9048
9079
9173
8986
9204
9048
9001
9095
8986
8923
8767
8845
9094
9688
8783
8923
8908
8892
8876
8830
8970
8939
8877
8954
8938
8970
9173
8985
9032
8876
8970
9157
9016
8924
9033
9173
8954
8923
9048
8954
9173
8939
9079
9017
8985
9048
8861
9095
9235
9110
8752
9033
8705
8955
8814
9016
8673
8861
9220
9189
9235
8985
8673
8845
8720
9142
8720
9079
8627
9141
9204
8798
8923
9032
9110
9376
8690
8705
8752
8830
9017
8861
8814
8782
8845
9142
8970
9485
9204
8939
9297
8673
8939
8876
8799
9079
9375
8845
8814
9032
8736
9064
8876
8720
8829
8767
8892
8736
8876
8751
9094
8985
8861
9344
8908
8752
8892
8846
8846
8798
8907
8892
8861
8860
9032
8876
8658
8877
8846
8908
8877
8845
8658
8892
8876
8720
8845
8767
8705
8923
8736
8814
8892
8876
8814
8658
8876
9017
8627
8658
8830
8721
8939
8767
8783
9188
9157
8704
8736
8673
8689
8798
8892
8907
8814
8767
8689
8720
9048
8704
8768
8705
8829
9001
8768
8752
8720
8689
8908
8830
9032
8798
8798
8861
8580
8767
8892
8783
8611
8845
8939
8564
8564
8829
8783
8752
8970
8923
8642
8705
8892
8767
8689
8908
8658
8674
8907
8533
28470
8783
8908
8845
8892
8876
8736
8721
8767
8799
8736
8673
8595
8736
8689
8798
8674
8877
8768
8642
8814
8814
8658
8689
8689
8704
8595
8798
8642
8799
8783
8674
8737
8611
9048
11388
9048
8985
8658
8768
8705
8720
8986
8846
8783
8985
8767
9001
8658
8705
9033
8627
8877
8596
8924
8751
8861
8564
8783
8767
8673
8845
8861
8877
8845
8814
8768
8892
8549
8876
9048
8565
8939
8502
8658
8814
8814
8799
9017
8751
8564
8767
8814
8815
8659
8581
8627
8767
8830
9002
8595
8627
8783
9142
8783
8768
8471
8674
9001
8580
8814
8658
8642
8627
8627
8627
8627
8877
8533
8612
9205
8861
8736
8518
8752
9188
9236
8643
8580
8612
8424
8487
9033
8518
9329
8642
8596
8674
8721
9204
9002
8596
9001
8534
8720
8814
8440
8815
8487
16739
8658
8658
8611
8642
8549
8549
9579
8409
8549
8659
8549
8674
8643
8409
8642
8549
8518
8502
8876
8658
8705
8581
11061
8581
8564
8798
8643
8674
8549
8487
8627
8612
8440
8346
8487
8674
8612
8503
8674
8908
8471
8705
8534
8627
8471
8658
8690
8643
8876
8471
8611
8408
8564
8487
11108
8471
8486
8315
8627
8424
8487
8799
8502
8658
8861
8768
8564
8424
8440
8643
8440
8846
8549
8455
8471
8580
8330
8455
8471
8674
8736
8908
8690
8549
8549
8861
8471
8268
8892
8049
9017
8487
8596
8331
8378
8503
8315
8487
8565
8517
8284
8581
8752
8471
8378
9095
8487
8736
8471
8424
8564
8065
8767
8455
8424
8533
8299
8409
8424
8393
8611
8112
8409
8034
8487
8284
8019
8206
8425
8050
8362
8393
9095
7941
8596
8284
8315
8253
8456
7972
8284
8268
8985
8221
8346
8737
8315
8206
8128
8175
8299
8034
8128
8252
8081
8206
8222
8081
8315
8159
8065
8237
8143
8049
8237
8128
8284
10952
8315
8206
8252
8174
8144
8190
8206
8315
8284
8221
8143
8206
8315
8315
8720
8783
8268
8300
9032
8361
8206
8783
8440
8378
8315
8253
30233
8253
8424
8330
8190
8362
8175
8269
8175
8409
8456
8284
8424
8362
8954
8393
8456
8175
8424
8252
8346
8549
8455
8330
8533
8409
8331
8518
8564
10795
8284
8377
8534
8486
8549
8595
8268
8409
8487
8346
8346
8408
8673
8673
8377
8159
8627
8595
8705
8018
8221
8284
7769
30389
7957
8034
8642
8752
8642
8456
8268
8237
8627
8627
8440
8845
8269
8284
8284
8845
7972
8299
8066
7956
7847
8003
8580
7878
8003
7878
7956
7894
7862
7847
8425
8050
11311
7785
8066
7956
8065
7753
7847
7816
7956
8190
7941
7956
7847
7441
7395
7691
7457
8284
7551
7707
7348
7691
7707
7489
7442
7488
7316
7067
7051
7722
10311
7238
7410
7176
7270
7176
7269
7114
7270
7706
7176
7208
7192
6693
7114
6848
6942
6693
7395
7083
6943
7067
6817
7130
7114
6849
6849
7769
6864
6974
69779
12169
5647
9594
30810
16770
31341
32292
28782
67783
66706
66363
34430
94177
37767
39047
99762
99762
99763
99779
99966
99981
99981
99981
99996
99981
99996
99965
99966
99996
38953
38985
63
39000
39031
39109
46
39032
38907
39016
38954
46
39140
39094
38735
38938
39125
39062
39078
39125
47
281
234
187
297
265
187
358
328
38782
265
38844
38860
38735
38876
38719
38875
125
297
38798
38782
172
38782
38766
38735
39391
38657
437
172
39593
187
140
140
187
38642
218
62
39125
38782
249
187
171
203
38766
38922
202
38829
250
437
281
203
219
93
39094
218
38875
234
39078
38642
265
109
38875
265
38657
38563
312
187
343
38844
172
156
296
38844
38813
296
265
219
38829
38829
39032
203
38735
312
281
38813
312
312
38610
390
297
38829
297
405
38626
38688
265
39078
38688
38797
39015
343
38594
38766
343
468
38860
38657
38969
359
39047
38657
390
453
374
38719
421
38907
38766
436
38750
452
452
38813
390
468
577
38859
1046
39562
38938
530
38564
421
38984
468
531
515
38673
453
405
499
530
483
38922
593
484
640
421
514
671
39203
38891
515
38766
38750
38735
562
515
328
702
38564
562
686
561
38751
733
546
687
671
38704
38984
561
38735
718
593
609
38782
624
38813
453
624
811
858
39125
530
640
38610
624
546
452
656
312
578
578
390
531
530
530
327
858
531
671
38922
593
577
608
530
39047
452
764
812
375
38719
468
452
421
468
375
889
405
468
421
421
312
921
453
437
546
578
390
890
452
686
437
499
452
499
38719
453
1108
344
437
390
437
437
1186
593
484
421
920
889
421
842
546
484
390
38922
468
483
514
452
796
811
687
530
484
562
593
593
577
39078
624
1186
640
671
656
687
39234
1123
734
733
718
2122
843
748
858
889
40856
889
873
983
843
983
951
796
936
796
967
858
967
780
952
764
1030
858
1014
999
2231
967
998
967
765
795
983
811
983
936
1046
717
655
1107
40763
1029
998
1170
920
1045
1030
983
1029
1170
1061
1029
873
1029
842
889
1045
936
1170
1202
593
1015
530
889
952
1061
1092
968
998
1185
951
38376
765
1061
640
469
546
952
780
1201
874
1046
968
999
671
889
967
561
468
1092
577
983
499
422
38486
38423
453
1139
1342
38532
405
453
905
422
453
998
40264
38579
38626
38595
483
515
1030
38673
546
38361
593
391
547
656
562
38361
406
1279
38532
827
38377
1186
468
1373
702
38204
608
593
640
38346
40233
484
1233
1514
530
1076
38345
999
38610
655
671
562
531
38314
38594
546
718
671
733
780
718
749
640
624
952
702
671
38205
671
733
1030
734
702
717
749
38641
795
671
38330
858
827
811
780
765
842
843
890
718
858
858
796
952
874
842
858
858
905
795
811
905
38299
936
38189
920
936
921
858
38314
998
936
38173
858
796
764
842
998
874
967
842
843
920
967
905
38470
874
38485
920
38360
1279
1045
905
1030
998
1046
843
38314
38268
998
38439
1077
889
936
780
826
874
38376
38454
905
920
905
967
702
38454
998
982
2683
1170
38142
686
998
998
38205
38361
2434
1061
920
1014
37799
765
38018
951
1030
1030
1342
1045
38064
952
1154
1123
999
905
1138
998
37940
968
780
999
952
967
1076
967
38953
936
796
1030
796
905
1029
37721
796
936
37940
1233
811
702
1076
920
1232
952
38252
780
655
1077
1216
764
983
37690
843
827
37893
37939
37940
37862
873
37892
858
873
1076
1045
1014
702
37940
811
1342
1607
967
1061
37955
889
873
717
873
37862
37940
37909
873
764
889
765
749
858
37939
38251
920
842
1139
827
38174
889
967
37924
842
842
889
890
37986
811
889
952
1576
874
936
37768
952
999
38095
873
952
920
920
37956
1030
890
38814
1077
967
983
936
951
983
999
1029
1092
858
983
905
967
1123
873
998
1014
1138
2839
1170
1014
37815
1186
1170
37534
1154
1045
37955
1092
37986
1061
37643
1014
1092
1061
37971
1045
37986
37753
1295
37612
37893
1092
1154
37986
967
1108
1108
37675
1139
1139
37971
1108
967
1060
1107
38096
1139
1061
1092
37846
1139
999
38205
1155
2699
998
1155
1045
37659
37534
1108
37534
2606
37487
37721
1076
983
1217
1124
1030
37566
1107
37565
1201
37893
1014
37768
1123
1217
1092
1092
1310
1232
37596
37534
37706
37581
37565
1186
37502
37737
1280
1139
1232
999
37409
1201
1263
1014
1201
1279
1232
37550
1295
37488
37752
1310
1076
1232
1045
1248
1233
37487
1045
37518
1232
1201
1216
1123
37300
1279
1310
1232
37518
37487
1248
1061
1451
1092
37284
1154
1139
37425
1279
1092
1155
37222
1186
37534
1186
37597
37285
37394
37097
37425
1185
1232
37596
1263
1310
1263
1092
1217
1108
1170
1217
1139
37144
1420
1139
1295
1061
37253
37285
37409
1716
1216
1731
1139
1139
1186
37456
1467
37207
37206
37191
1139
37331
1217
1342
1170
1326
37222
1185
1388
1170
1404
1280
1279
1170
1217
37206
1202
37285
1264
37175
1419
37253
1466
1232
1295
1264
1779
37128
37144
1341
1264
37253
37237
1404
3073
1310
37051
1326
1592
1435
37128
37347
1295
37877
1357
37097
1373
37175
37378
1295
1202
1311
1404
3136
37316
37207
1388
1326
37269
1264
37300
1280
1419
37378
1404
1248
1498
1373
1420
1404
38922
1419
37253
37347
1576
1404
37549
1373
1326
2215
1295
1373
1404
2902
1389
37269
37393
1576
37269
1404
2356
37254
1373
1342
38143
1420
1435
1466
1435
37441
1466
1420
1373
1747
36941
37316
37487
1466
1482
37253
37285
37237
37253
1482
37113
1482
1778
1466
1513
1467
1451
37363
1622
37144
36988
1638
1466
37440
2948
1513
1576
37190
37190
36691
1544
1544
36769
1591
36801
1560
1435
36973
1498
37050
1575
36660
1685
1560
36848
1545
37051
37019
1575
1981
1591
1622
1420
1529
36786
1529
36630
37035
1685
36941
2059
37082
36863
1654
1467
1638
1560
37019
36863
1404
1981
1653
1622
36645
36645
1622
36770
36785
37097
37050
1544
1529
36770
1592
36988
36801
1451
36691
1638
36925
1607
36707
1544
37035
1685
36769
36644
36754
36910
36785
1498
1529
36816
1513
36770
36754
36692
1826
1732
1560
36942
36738
36879
37581
1498
1654
37160
36785
1841
36723
36848
36800
1778
1576
36863
36863
1560
1606
1606
1841
1638
1607
1685
37160
4571
36770
36957
1622
1731
1654
36848
36832
1919
36832
1623
36754
1685
36926
1623
99700
1763
36894
99685
1685
1935
36926
1918
36988
36832
1684
60980
36832
36832
99684
1716
99685
37503
1748
99685
1732
1778
36801
1700
36816
36676
37191
1810
36832
61043
36676
99685
36879
37034
1762
36894
37019
36676
36941
1810
36957
36910
36910
36957
36894
36832
1826
36942
61028
36895
1825
1763
99716
36738
61059
37066
36816
36879
36645
2091
36988
61121
1794
2184
37300
99701
36863
36770
1825
36816
2090
1825
36738
99700
61090
36894
61152
1888
36786
1872
1841
61106
1748
1857
36801
99716
1809
1872
99716
1872
36848
36801
36848
1763
36785
36910
36957
2013
36739
1872
1887
36910
36800
1887
1856
37690
61168
61152
1950
36754
1982
61137
36676
61231
37191
99748
1826
99716
99716
61215
37160
61200
36817
1903
61152
61261
36442
1809
61230
99732
36614
61168
99732
1888
36411
37222
1825
36894
99747
61183
37097
1965
61215
3214
61246
61230
99763
36567
1950
36864
36895
36879
61230
61199
36567
1872
1997
1997
40373
36801
36505
61168
61231
36380
2013
1981
36770
37081
61261
2043
36707
1981
99747
99762
1934
1981
61261
36847
36380
61246
36629
61262
37035
36863
1966
36738
36364
2013
2091
36988
36864
1888
37019
36879
36473
36941
36676
36442
1888
36817
2074
36473
1996
2121
36551
36535
99810
1981
1966
2184
1966
1997
39203
36972
36645
36567
61480
36957
37238
61293
37300
61340
61293
1934
1934
61339
36411
1950
2043
61293
61355
2012
36645
36754
61309
36661
2106
36583
36660
36223
36504
36613
99809
61433
61214
36847
36629
99809
61355
36660
36863
61137
37144
36505
1857
36645
36474
99810
99810
1950
99825
2199
99825
36473
36489
1919
36551
36567
36598
99825
36302
1903
36598
36598
99840
61511
36629
36457
36520
36660
36395
61370
39500
1934
2278
36660
2215
36536
36442
36348
36707
99810
2200
36630
1966
36271
36286
2153
61371
1950
36473
36613
61339
36332
36567
1997
36301
36114
99716
61293
36614
1997
61277
99654
36551
1888
36114
36426
36442
61340
36332
36519
1996
36332
36972
36894
36441
36738
3229
99638
1950
36333
36145
61324
61246
99622
36192
36208
36614
61356
1966
36505
36302
36692
36458
36895
61277
39265
36348
36442
1965
36410
36473
36286
1966
1935
36224
36255
1966
36286
36380
36130
36036
61308
61261
36473
36613
61386
36863
61402
61371
2434
36145
36582
36801
36427
2060
36426
36192
1997
99638
36208
61371
61636
37066
61402
99638
36411
36458
99623
36411
36317
99623
36473
36441
99638
2028
2074
61418
61340
2012
61340
2044
61449
36348
2917
36380
2013
61340
36130
61356
36957
61355
99638
61433
36192
37237
61480
36348
99622
61293
36364
2059
36520
36286
36317
36255
36270
61402
2106
36363
61464
61402
61527
36286
61480
39297
36114
36364
61309
99654
36317
36427
99654
61308
61464
61386
36317
61527
36301
36239
61465
61465
36380
61543
36239
36301
36239
36629
99653
36442
61464
36286
2153
36301
36286
61574
61434
61527
37597
61527
61418
2184
61433
36254
3276
2324
36411
61480
61417
61370
36769
36332
61386
2199
36270
36379
36255
36723
36317
99638
36145
61418
61480
35943
61496
99654
36379
61480
99654
36020
36239
61418
2246
36333
61340
61480
61449
36255
61636
61870
61433
2340
36208
2309
61449
61402
36364
36364
37597
2340
2309
36535
36348
61636
2324
61495
36020
61480
2356
36286
35880
61308
2340
61386
35943
36068
36005
99638
99638
36598
36317
61652
36083
35881
36176
2480
61495
36161
36067
2293
61480
36410
61449
36224
36395
36192
36161
61480
61480
36192
61480
2371
36426
36457
35958
61417
36020
35880
99669
2371
36239
61746
36239
36349
35912
36692
36254
99638
61511
35911
36442
35927
61542
36036
99654
36286
36239
35818
36317
36707
2464
2511
61526
2324
36036
61542
99653
36239
61573
35817
61526
36051
61558
36239
61574
61527
35989
35974
61511
35959
61543
61402
36037
36052
61714
61543
35927
61558
61527
2450
36068
61542
36192
2480
61511
61683
61511
61605
36005
61574
2527
36021
61495
36098
36270
36098
36020
61433
36067
61729
35833
2434
61605
61558
61543
61605
36005
36115
61574
61512
61590
61543
2450
36068
61543
2480
61527
35989
61464
2496
36348
36161
2512
99638
2543
36161
61558
36363
35786
35943
36067
36114
61683
36067
2480
2559
36021
35787
36005
2543
36489
36052
36036
2543
61605
36021
35818
61574
61667
36036
36285
99653
2527
36083
35989
35989
35958
36083
36115
35927
36271
36005
36442
36052
36614
35818
61418
35880
35802
35802
61807
35849
2621
35833
35912
35927
35771
35958
2652
2590
35912
35912
35880
2605
35771
35724
61714
2698
36005
35911
35911
36067
35942
35927
2667
35786
35817
2605
61636
2605
99700
36067
35927
99700
61620
36395
35959
2637
99701
35943
2730
61714
36785
61698
35942
35958
2652
2636
35833
61683
35834
36114
2621
36036
61621
2699
35600
35802
35787
35802
35786
35474
35927
35802
36020
61698
35771
61698
35412
2668
35989
36286
35911
36021
61574
35818
61434
36224
35709
36052
36442
3837
99653
35864
36317
2683
35880
35834
61231
3931
99638
35334
61651
61714
35817
36051
2761
35849
2870
61604
2699
2714
2730
2730
35865
61558
35724
61652
36427
2684
2714
35318
35849
35880
36192
61761
35849
35880
2761
36146
36442
61698
35833
35864
2761
35864
38860
35381
35849
35989
36317
36021
35833
2792
35880
35756
2777
38845
35553
35272
36020
35896
35927
2823
2777
35600
35584
35990
35880
35225
36036
35583
35630
36223
35475
35584
2808
61277
35989
35833
35989
35506
35444
35881
35584
61246
35459
2839
38907
35396
35428
3791
35630
35459
36052
35584
35443
2839
61667
35428
35553
35319
35942
39047
35459
35599
2792
36644
35755
35537
2808
35583
36098
35303
99653
35319
36161
35584
61542
35677
35677
2839
35272
35272
35366
2808
2855
35428
35552
2792
35552
35428
35272
35802
35833
2808
61808
99684
2917
2901
35646
35755
35287
35365
35506
2886
99685
2824
2886
36177
2855
35584
99684
35522
3073
35412
99715
35646
35412
35459
35475
36130
61309
35864
3073
2917
2948
62104
2980
3058
99732
3978
35194
2949
35506
2933
34508
34866
36098
34413
35490
35428
34273
35397
2964
3011
35522
2996
34913
35303
99731
35366
35397
35568
35132
35147
34820
35194
35553
35506
35022
35756
3292
35537
35553
35288
33119
35319
34742
2996
35569
35474
3011
35537
3105
3011
33400
33119
35444
39001
33806
35381
35521
3104
99716
34835
34976
34913
33041
34959
3151
35193
34351
32214
33665
34570
34351
3104
34352
34165
3136
34149
35131
3151
34242
34304
34195
33134
34382
34180
34289
33197
33104
3105
33291
34008
3198
31044
3198
3135
33680
34367
35069
3214
33384
63306
33572
3230
33275
33307
33338
30108
34320
3229
34258
33321
3213
3229
33259
3245
38173
33150
31216
33837
3276
3276
32042
3213
3245
34929
33275
35210
3245
33399
3338
33307
35569
3354
3323
3338
3291
3291
3307
3338
3323
3339
3369
3338
3354
3354
3400
3354
3370
3432
3416
3479
3588
34773
35115
3556
38376
3510
35272
3526
3542
3510
3525
3557
3557
99856
3541
61277
3635
3604
3573
99903
99903
3603
99903
3666
41621
3666
3666
3588
3650
3603
3666
3635
30389
3651
3682
3728
3697
3682
3697
3807
3697
3697
3697
3728
3775
3713
3776
3776
3853
3775
3791
3791
3916
3853
3838
63727
3884
61417
3993
38408
4103
30186
4227
4181
4259
4275
4212
4305
37986
4228
4274
4306
4227
4227
4228
4259
4243
4258
4243
4415
4275
4322
4321
4259
64039
4259
4243
4259
4290
4305
4508
4399
4383
4415
4384
4352
4414
4477
4446
4399
4431
4431
4431
4446
4446
4446
4493
4462
4431
4446
4539
4555
4509
4492
4524
4446
4508
4493
4571
4586
4524
4509
4509
4524
4540
4555
4602
4586
36332
4633
4618
4649
4664
4711
4712
4742
35568
4743
35349
4742
4758
4773
4820
4882
4804
4804
4836
4836
4852
4882
4867
4883
4914
4914
4977
4992
5007
4992
4992
4992
4960
4992
5039
5086
5007
5023
5039
5101
5086
5132
5211
5211
5164
5148
5195
5179
5194
5179
5148
5194
5226
5195
5242
5241
5273
5257
5367
5366
5289
5273
5289
5304
5304
5336
5351
5366
5351
5351
5366
5413
5444
5397
5413
5460
5476
5413
5444
5444
5444
5570
5460
5491
5476
5553
5475
5507
5538
5522
5553
5538
5569
5538
5538
5616
5616
5601
5616
5647
5616
5663
5663
5663
5740
5772
5725
5788
5756
5804
30265
5818
5834
5850
5866
5850
5866
5897
5913
5897
5928
5975
5912
5943
5975
5959
5959
5990
5991
98343
6006
98343
6006
6052
6084
6069
6100
6131
6178
30140
6193
98265
98265
6209
6240
6209
6225
98265
98265
98280
6224
6240
6256
6256
6240
6271
6271
6303
6287
6302
6318
6334
6287
6303
6365
6349
6334
6365
6412
6396
6396
6411
6411
6381
6365
6412
6380
6474
6380
6396
6396
6396
6427
6411
6443
6459
6443
6427
6427
6490
6474
6474
6489
6537
6489
6520
6490
6537
6521
6568
6615
6567
6599
6568
6677
6568
6645
6615
7020
6645
6708
6677
6677
7020
6646
6662
6662
6661
6677
6708
97735
6693
6708
6755
6692
6739
6755
6723
7145
6801
6817
6771
6895
6817
6848
6818
6833
62977
6864
6848
6849
6895
6864
6864
6926
6910
6895
6848
6880
6864
7051
6911
6895
6895
6864
6879
6879
6942
6942
6958
30311
6910
6958
6911
6927
6957
6942
7005
7020
7004
7020
6973
6989
7005
7036
7005
7051
6989
7192
7020
7020
7004
7067
7051
7051
7114
7020
7083
7067
7129
7020
7098
7036
7082
7082
7160
7082
67876
7145
7051
7160
7208
7098
7145
7114
7098
7160
7113
7145
7082
7129
7067
7161
7129
7129
7113
7191
7207
7176
7160
7067
7270
7160
7207
7223
7176
7207
7161
7176
7192
7192
7300
7207
7223
7270
7239
7223
7270
7145
7239
7270
7317
7254
7316
63430
7270
7270
7317
7301
7301
7254
7317
7285
7222
7269
7238
7269
7316
7316
7301
7254
7831
7504
7301
7317
7317
7223
7348
7270
7269
7238
7316
7269
7332
7347
7332
7394
7301
7363
7379
7301
7379
7659
7379
7410
7394
7363
7348
7597
7394
7378
30123
7301
7348
7364
7457
7441
7363
7410
7425
7379
7488
7332
7441
7441
7535
7457
7394
7472
7410
7519
7472
7441
7535
7504
7566
7566
7535
7504
8112
30186
7503
7550
7550
7613
7551
7473
7581
7550
7566
7628
7472
7519
7784
7629
7598
7520
7629
7520
7675
7629
7613
7456
7644
7706
7785
7676
7613
7566
7613
7722
7675
7675
7691
7629
7629
7690
7706
7644
7706
7722
7738
7550
7737
7722
7737
7691
7613
7582
7675
7613
7769
7566
7691
7706
7706
7660
7644
7597
7598
7722
7785
7753
7706
7659
7628
7753
7644
7769
7738
7690
7644
7628
7628
7956
7706
7628
7691
7800
7707
7629
8034
7893
7706
7675
7738
7691
7690
7737
7846
7722
8486
7768
7769
7707
7722
7738
7769
7722
7738
7753
7737
7659
7768
7768
7753
7753
7691
7660
7816
7769
7769
7800
7988
7676
7738
7832
7769
7769
7769
7847
7753
7753
7800
7800
7707
7768
7769
7769
7769
7847
7847
7831
7831
7816
7909
7863
7846
7815
7800
8252
7816
7863
7878
7847
7878
7815
7956
7971
7878
7847
7863
7831
8065
7909
7862
7987
7941
8018
7893
7893
7909
7878
7909
7956
8065
7924
7956
7878
7956
7956
7956
8003
7987
8112
8018
8190
8034
8143
7924
8002
8003
8034
8066
8034
8018
7987
8034
8034
8049
8112
8034
7987
8018
7987
8050
8066
8128
8097
7972
8112
8081
8081
8050
8080
8080
8206
8065
8096
8081
8096
8190
8127
8065
8175
8097
8128
8174
8127
8206
8190
8159
8128
8190
8159
8190
8143
8221
8221
8143
8206
8378
8190
8299
8205
8268
8331
8221
8346
8143
8252
8221
8206
8221
8221
8190
8237
8237
8361
9204
8221
8221
8174
8221
8236
8221
8268
8206
8300
8331
8268
8268
8283
8268
8237
8268
8377
8315
8299
8283
8346
8315
8299
8377
8284
8315
8330
8315
8346
8331
8331
8331
8424
8346
8315
8392
8330
8439
8408
8362
30124
8315
8518
8408
8393
8409
8424
8549
8409
8409
8455
8377
8424
8346
8377
8424
8393
8361
8455
8455
8440
8502
8486
8486
8470
8502
8471
8424
8502
8549
8923
8471
90013
8596
8502
8471
8455
8471
8471
8502
8518
8533
8533
8486
8533
8533
8533
8533
8502
8486
8549
8486
8595
8502
8549
9469
8549
8549
8565
8580
8517
8580
8517
8580
8455
8533
8549
8518
8580
8471
8580
8642
8549
8517
8549
8549
8565
8658
8565
8689
8564
8517
8611
8674
8596
8596
8627
8612
8596
8611
8611
8674
8689
8689
8596
8580
8689
8736
8596
8674
8658
8689
8674
8580
8690
8752
8595
8689
8611
8721
8799
8596
8767
8798
8751
8767
8752
8814
8736
8768
8705
8643
8721
8752
8767
8751
8658
8798
8689
8798
8798
8845
8705
8783
8736
8814
8783
8767
8814
8721
8799
8752
8721
8798
8814
8829
8751
8814
8814
8892
8830
8768
8955
8814
8814
8845
8799
8814
8829
8845
8845
8814
8954
8861
8923
8830
8877
8830
8892
8892
8924
8861
8861
8861
8876
8938
8892
8876
8908
8877
9063
8970
8970
8985
8938
8938
8955
8955
9001
8970
9064
9016
8970
8970
9033
8970
9110
9032
9126
9001
8986
8986
9080
9095
8954
9095
9142
9142
8970
8986
9111
9079
9032
9001
9220
9173
9110
9875
9017
9032
9141
9032
9126
8986
9220
9048
9094
9032
9172
9126
9984
9016
9220
9079
9079
9220
9095
9064
8970
9095
9095
9048
9204
9142
9079
9344
9063
9110
9095
9079
9032
9282
9236
9142
9126
9001
9188
9063
9126
9173
9126
9094
9141
9001
9157
9625
9110
9141
9204
9282
9204
9157
9142
9094
9063
9219
9048
9188
9017
9204
9095
9204
9173
9532
9172
9110
9172
9188
9157
9173
9079
9126
9189
9095
9329
9188
9391
9157
9111
9111
9189
9172
9297
9157
9110
9251
9485
9173
9235
9142
9251
9220
9282
9204
9282
9251
9282
9298
9298
9267
9267
9313
9297
9266
9344
9219
9110
9266
9266
9501
9345
9407
9235
9282
9344
9328
9235
9454
9282
9298
9454
9360
9282
9376
9298
9282
9297
9391
9220
9266
9313
9251
9360
9391
9329
9376
9516
9376
30249
9438
9344
10483
9485
9345
9344
9500
9423
9360
9594
9375
9376
9516
9532
9438
9344
9360
9344
9391
9563
9579
9422
9266
9391
9298
9609
9640
9376
9454
9375
9391
9516
9469
9485
9345
9500
9297
9781
9422
9297
9406
9407
9485
9314
9782
9438
9438
9469
9532
9657
9423
9423
9469
9626
9501
9750
9516
9485
9485
9609
9360
9563
9718
9625
9438
9579
9516
9485
9438
9579
9532
9531
9453
9376
9438
9454
10015
9750
9656
9189
9219
9453
9219
9235
9376
9329
9328
9172
9235
9594
9220
9392
9251
9968
9344
9360
9329
9329
9329
9344
9266
9251
9360
9406
9516
9407
9375
9375
9360
9391
9469
9438
9298
9547
9267
9345
9484
9375
9375
9438
10671
9422
9266
9345
9501
9563
9485
9469
9407
9438
9422
9282
9407
9485
9594
9485
11373
9485
9485
9422
9750
9407
9282
9251
9422
9485
9095
9500
9173
9251
11903
9406
9220
9220
9485
9376
9672
9469
9906
9329
9360
9344
9282
9188
9110
9360
9765
9484
9329
9157
9828
9220
9344
9220
9392
9251
9157
9469
9298
9251
9859
9375
9391
9345
9141
9297
9250
9407
9219
9344
9235
9172
9236
9251
9345
9328
9298
9501
9314
9204
9313
9344
9266
9251
9251
9329
9189
9422
9438
9344
9329
9407
9392
9422
9610
9298
9329
9344
9282
10593
9220
9360
9422
9438
9314
9438
9547
9563
9313
9282
9376
9375
9469
9422
9110
9500
9298
9344
9314
9485
9438
9578
9063
9423
9267
9313
9812
12994
9422
9532
9345
9625
9812
9531
9313
15241
9375
9250
9219
9376
9267
9329
9531
9235
9235
9188
9360
30171
9453
9313
9657
67860
9391
9344
9376
9095
9407
9110
9391
68000
9204
13369
9142
9391
68064
9267
9501
9173
9422
9204
17800
9266
9407
9220
9454
68172
9391
9266
9843
9594
68110
9235
9438
9579
68266
9313
9376
9391
9344
9391
9688
10374
9375
9454
9500
9454
9329
9329
68500
11513
9859
9298
9266
9376
9531
9500
9422
9422
9484
9532
9438
9375
9298
9219
9453
9453
11481
9329
9563
9438
9485
9532
9345
9640
9469
9344
9220
9345
9485
9375
9423
9251
9126
9344
9282
9329
9360
9500
9282
9392
9656
9126
9578
9266
9313
11325
9344
9314
9329
9345
9563
9656
9422
9406
9220
9407
9376
9376
9189
9235
9703
9376
9282
9251
9141
9328
9297
9375
9656
9625
9344
9282
9298
9329
9375
9094
9250
9063
9407
9469
9376
9204
9345
9376
9297
9235
9110
9345
9282
9235
9422
9219
9094
9204
9204
9110
9142
9438
9314
9204
9485
9266
9485
9313
9360
9204
9126
9391
9250
9204
9188
9344
9204
9298
9220
9766
9485
9251
9267
9313
9250
9344
9610
9454
9407
9485
9220
9313
9453
9345
9376
9344
9360
9438
9329
9375
9360
9422
9734
9344
9438
9407
9454
9485
9344
9500
9360
9454
9469
10280
9547
9266
9328
9328
9500
9453
9438
9454
9236
9391
9375
9485
9220
9298
9469
9469
9220
9235
9500
9298
9282
9376
9470
9407
9500
9251
9422
9360
9501
9594
9376
9453
9313
9313
9438
9453
9235
9188
9438
9563
9485
9313
9703
9469
9469
9469
9345
9501
9469
9453
9298
9329
9610
9360
9547
9531
9407
9563
9282
9079
9454
9079
10811
9313
9391
9438
9219
9375
9438
9376
9267
9423
9407
9407
9048
9219
9251
9407
9250
9484
9250
9126
9251
9656
9392
9158
9688
9391
9251
9141
9204
9219
9360
9267
9298
9235
9235
9345
9157
9375
9391
9126
9329
9220
9188
9157
9672
9438
9251
9142
9126
9314
9937
9469
9173
9812
9173
9172
9157
9235
9267
9142
9282
9672
9563
9204
9173
9220
9204
9500
9235
9188
9080
9204
9158
9267
9204
9266
9173
9188
9220
9204
9579
9297
9297
9064
9313
9298
9859
9282
9267
9438
30217
9157
9267
9079
9282
9297
9204
9063
9282
9547
9298
9267
9158
9314
9142
9126
9313
9173
9360
9282
9189
9298
9328
9172
9672
9297
9453
10031
9344
9329
9376
9314
9423
9297
9313
9375
9345
9297
9250
9141
9328
9141
9219
9298
9298
9251
9392
9345
9329
9251
9656
9297
9266
9251
9251
9235
9313
9360
9267
9251
9407
9360
9219
9235
9438
9267
9469
9391
9313
9376
9376
9875
9407
9407
9173
9313
9781
9298
9329
9313
9406
9422
9422
9266
9423
9423
9251
9735
9469
9267
9188
9172
9453
9391
9422
9625
9266
9360
9469
9422
9438
9407
9407
9453
11980
9204
9360
9376
9501
9157
9297
9485
9375
9360
9500
9188
9298
9360
9454
9313
9344
9282
9391
9360
9282
9594
9470
9236
9407
9282
9360
9344
9360
9423
9438
9298
9250
9438
9344
9313
9516
9360
9314
9329
9157
9859
9453
9251
9142
9391
9516
9219
9297
9079
9235
19485
9142
9375
9251
9204
9453
9391
9235
9375
9235
9329
9204
9329
9329
9298
9454
9345
9251
9735
9126
9219
9375
9781
9157
9220
9220
9484
9126
9328
9360
9157
9266
9220
9345
9360
9251
9329
9251
9188
9235
9376
9313
9297
9110
9188
9095
9282
9485
9095
9235
9173
9313
9250
9313
9313
9329
9282
9111
9345
9095
9111
9469
9235
9297
9079
9188
9376
9173
9454
9314
9376
9329
9236
9266
9204
9438
9376
9251
9516
9469
9282
9392
9251
9158
9313
9251
9220
10093
9345
9438
9328
9360
9469
9344
9313
9298
9314
9360
9470
9407
9313
9329
9407
9376
9297
9313
9594
9329
9329
9578
9781
9329
9407
9423
9547
9376
9360
9391
9297
9656
9438
9407
9454
9470
10015
9422
9375
9438
9423
9562
9266
9360
9360
9485
9470
9548
9578
9531
9531
9282
9469
9391
9407
9531
9406
9266
9516
9391
9298
9501
9360
9251
9547
9469
9438
9469
9563
9438
9360
9376
9360
9329
9453
9625
9453
9360
9282
9360
9454
9360
9251
9501
9360
9485
9422
9438
9298
9438
9562
9750
9454
9438
9360
9376
9454
9453
9297
9173
9329
9345
9329
9313
9345
9438
9501
9422
9906
9454
9314
9438
9610
9298
9454
9626
9360
9297
9344
9219
9064
9547
9157
9329
9563
9438
9531
9547
9470
9314
9392
9422
9531
9110
9126
9126
9360
9501
9547
9250
9484
9391
9189
9719
9173
11450
9360
9172
9188
9282
9719
9142
9594
9329
9376
9625
9328
9921
9204
9453
9344
9297
9438
9313
9298
9376
9314
9251
9219
9141
9251
9376
9204
9531
9297
9282
9360
9329
9282
9282
9470
9158
9376
9828
9282
9235
9282
9282
9235
9266
9344
9376
9251
9407
9391
9298
9173
9766
9391
9344
9251
9719
9158
9236
9266
9235
9407
9251
9282
11653
9251
9407
9344
9734
9501
9251
9251
9360
9360
9282
9251
9250
9329
9329
9516
9718
9298
9407
9392
9407
9360
9360
9485
9375
9423
9594
9735
9407
9360
13323
9422
9407
9438
9438
9485
9360
9453
9328
9313
9485
9329
9470
9797
9766
9329
9313
9438
11263
9406
9360
9469
9376
9438
9392
9423
9485
9423
9282
9406
9500
9516
9454
9313
9407
9438
9672
9469
9453
9204
9516
9422
9266
9422
9360
9111
9392
9470
9360
9391
8985
9423
9344
9001
9500
9578
9656
9032
9142
9079
9563
9266
9360
9157
9563
9563
9360
9594
9142
9064
9579
9111
9531
9672
9157
9204
9891
9313
9282
9625
9594
9251
9547
9110
9219
9188
9313
9063
9142
9110
9158
9158
10202
9235
9126
9266
9578
9251
9110
9345
9844
9672
9251
9188
9235
9126
30233
30296
30295
9141
9142
9142
9173
9251
11310
9282
9235
9142
9251
9064
9266
9032
9282
9313
30170
11685
9314
30108
30264
9360
30296
30046
30280
9017
9142
9220
30218
9282
9282
30170
9157
9236
9267
9314
9266
9219
9173
9126
9173
9110
9111
9111
11637
9172
9548
9126
9469
9204
30561
8970
9313
9469
9282
8970
9095
9001
9251
9173
9157
9189
9126
9142
11528
9220
9095
9080
9188
25522
9173
9033
9111
9079
9095
9111
9110
9048
9079
8970
9172
9406
9095
9407
9189
9782
9141
9173
9313
9173
9314
31528
9204
9204
9204
9204
9188
9266
9220
9251
9500
9235
9251
9360
9157
9438
9267
9329
9484
9111
9204
9001
9298
9142
9344
9220
9391
9173
9048
9391
9500
9376
9157
9204
9407
9172
9173
9095
9095
9110
9001
9126
8923
9079
9173
9126
9111
9032
9110
9017
8939
8939
9095
9126
9032
9048
9032
9017
9126
9048
9173
9220
8986
9158
9204
9422
9235
13416
9048
9391
9189
9048
9033
9173
9095
9204
32417
9033
9048
9095
9079
9126
9313
8970
9157
9266
9016
9032
9142
9251
9266
9126
11091
9313
9391
9313
9282
9158
9095
9048
9017
9157
11248
9142
9080
9204
9657
9079
8923
9236
9111
9110
9048
9063
9063
9048
9719
9142
9188
9251
9142
8986
9376
8846
9142
9017
9173
9110
9235
8939
9001
30405
9016
9110
8908
9126
9126
9110
9080
9032
9079
9048
9063
9002
9001
9095
9079
9095
9095
9173
9110
9048
9438
9189
9111
9048
8970
9079
9173
9111
9204
9204
9344
9235
9251
9157
8923
8846
9064
8955
9172
8939
8970
8970
9360
9048
9937
8954
9110
9017
8876
8939
9063
8845
8985
9563
9017
9173
8970
8986
8939
8846
8908
9110
9001
9111
9064
9001
8954
9095
9735
9189
8846
9485
9266
9984
9064
8924
9205
8908
8970
8892
9017
9236
9095
9095
9079
8923
9017
9080
9032
9017
9080
9063
9017
9064
8970
9080
9064
8908
9079
9017
9064
9142
8892
9064
9064
9158
9110
9095
9158
9095
9111
9048
9095
9064
9282
9064
9033
9220
9141
9454
8986
8985
9313
8986
9095
9391
9189
9220
9267
9158
9189
9283
9688
9095
9127
9329
9111
9095
9313
11357
9392
9344
9344
9142
9157
9719
8893
9251
8845
9095
9204
9266
9236
9157
9142
9282
9173
9251
9095
9126
9064
8924
8986
8985
9282
8939
9064
9313
9500
9594
9017
9080
9001
9079
9126
8939
9017
9064
9142
8939
8939
9204
8845
9064
9064
9017
8877
8986
9142
9704
9048
9095
9032
8845
9095
9080
9017
8861
9173
9002
9189
9001
8923
9158
9127
9079
9282
9329
9516
11170
65910
21232
22075
27378
19126
23775
33447
38486
97829
97812
97828
97828
97953
97953
97968
97984
98016
98031
98031
98093
98249
98265
98281
98312
98328
98359
98343
98390
98374
98390
98389
98389
98436
98453
98484
98514
98562
98577
98577
98624
98624
98624
39266
98873
98936
98982
98983
99014
99013
99013
99014
98998
98983
98982
98951
98952
98920
98874
98873
98874
98873
98889
99014
99014
99029
99013
99013
99014
98983
98936
98935
98935
98936
98936
99092
99076
99091
99091
99092
99092
99091
99107
99092
99076
99060
99060
98998
98982
98983
98983
98952
98983
98951
98967
98936
98999
98921
98920
98920
98921
98936
39296
99061
99077
99045
99045
99030
99014
99029
99014
98998
99013
98998
98998
99014
99029
98998
98951
98952
98921
98905
98889
98905
98967
98951
98936
98920
98858
98858
98842
98857
98842
98858
98827
98827
98826
98826
98826
98811
98826
98811
98967
98951
98936
98920
98920
98920
98904
98889
98889
98889
98905
98889
98905
98889
98904
98904
98905
98889
98905
98920
98904
98889
98858
98874
98842
98904
98874
98889
98889
98857
98827
98842
98826
98796
98843
98826
98749
98733
98687
98655
98655
98655
98655
98655
98671
98655
98670
39219
39125
39296
39249
39250
39203
39172
39468
39375
281
280
218
250
156
94
234
156
172
47
39390
281
39203
39156
514
296
546
265
172
265
328
78
249
188
219
39437
374
312
39250
39249
39094
437
359
39171
328
188
343
187
1170
561
296
249
406
265
530
297
250
39265
686
546
47
343
39249
98577
98561
98577
343
98561
39234
98577
98562
98561
265
98577
39188
234
98545
98546
250
234
98546
94
98546
98530
265
281
98530
98546
265
39109
98514
98515
98515
265
98531
98515
98515
577
125
187
94
98484
171
98452
98468
98452
98452
98453
98453
38985
172
328
39187
234
98468
156
171
125
359
98468
98468
98483
98483
98483
94
98468
98468
98468
39218
98483
98468
98484
98452
98452
98452
421
98453
98452
452
234
98437
203
98359
297
297
234
39203
250
98359
39172
390
281
39218
296
39203
375
98374
733
437
98406
38984
98374
406
98374
39109
98374
98375
624
561
421
39125
374
98374
98374
577
2356
328
39234
39281
39203
98374
125
390
39141
406
98375
327
98374
98374
499
109
98358
234
390
952
453
343
281
39296
358
39343
98359
406
499
140
98328
39016
218
187
250
98311
265
141
98327
98296
125
98312
280
343
38938
936
203
468
234
421
437
344
39297
390
234
218
359
452
359
359
47
39016
78
62
78
374
39016
608
187
38891
187
390
343
499
374
359
39094
406
484
38969
141
140
39172
608
327
609
39094
187
858
312
187
187
281
203
39016
187
38938
390
265
297
39156
39110
38907
500
422
38954
38923
187
296
265
265
312
39234
172
172
1123
187
39249
249
266
297
39001
296
296
234
312
359
374
296
234
312
218
281
312
249
281
358
39093
265
390
265
390
406
39109
39016
359
453
344
39079
2309
39094
312
39171
296
39109
405
390
39141
39125
39110
343
406
328
406
343
39218
280
343
39141
374
39125
312
390
374
374
39203
38860
39281
39016
546
421
421
39234
406
38891
437
39235
39250
39172
468
499
39047
39187
39187
656
515
483
39187
39281
38985
39156
39125
38937
39141
39843
468
39110
39266
38984
593
39047
562
38891
499
39063
593
39063
39079
39094
39281
39110
531
39297
483
38906
546
39062
39047
546
609
38938
500
671
656
2293
655
624
702
38922
39063
38876
2247
39125
39249
39000
39063
624
38938
687
671
655
38969
639
39187
39109
702
748
670
686
39125
562
546
39796
733
39031
38969
749
671
624
562
671
38969
639
39062
561
39078
577
655
686
38953
640
640
39031
546
39235
39266
765
38876
38907
484
624
38969
577
671
39437
717
702
748
795
655
39187
670
671
702
577
640
796
858
624
38954
593
38969
39235
624
608
39406
687
1029
38937
671
577
733
39468
38969
39218
765
39437
38937
639
39437
936
39047
39000
41153
968
656
39079
687
858
655
733
639
702
748
670
39187
796
640
656
639
780
39141
671
639
624
577
608
608
796
39156
780
671
765
656
656
718
39125
39156
764
748
39062
702
702
671
1061
780
874
874
2558
39000
39156
39125
717
39219
39110
39172
765
811
39141
749
811
39187
38984
983
811
39172
842
842
39218
811
39187
39218
38969
39110
38829
39015
39390
39093
39203
874
39312
921
39125
39187
38984
936
39032
39328
39203
39203
39187
889
811
39219
38969
2356
39515
39437
1014
39313
936
39188
39140
39328
951
39250
951
858
38813
39484
38813
921
905
936
967
952
936
920
39172
858
999
39001
39110
39016
39032
1045
39078
936
920
967
951
967
38907
905
952
998
39328
38860
39032
38954
38860
1186
2387
951
983
1045
39032
38954
39094
983
39438
1061
39063
38860
39079
1077
38907
38954
1061
38969
1029
38860
967
967
1186
1045
39234
1077
39079
1061
1093
38923
1092
39016
1092
39640
39141
1124
39140
1107
38891
1077
1139
38845
1155
1093
1092
39078
38907
1076
38969
38938
39125
39063
39079
1139
1154
39078
1123
2262
39032
1123
39063
1186
39079
39094
39157
1154
1186
39655
39032
1202
38938
1201
1232
1185
38891
1279
38922
1155
1217
38875
39250
38938
38922
1264
39063
38938
1124
39032
1295
38860
39016
38938
39000
39047
1311
38907
1155
38922
38954
1248
39110
1171
39000
38938
39031
1264
38938
39125
1232
1279
39016
39063
39282
1280
39125
39109
39063
1311
1311
39063
39281
38891
1326
1310
39000
1404
38954
39032
1264
39078
1327
39063
39094
1358
39032
39016
1326
39297
39063
39062
39062
1451
39016
1373
38891
1373
1342
38985
39001
39063
39047
1342
39016
1435
1357
38953
39047
1311
1311
1327
1420
1405
38829
39016
38938
39156
1373
39016
1326
39063
38923
1436
39094
38938
1341
39281
1341
1341
1451
1404
38984
38969
1497
38969
1357
38720
38922
39032
39126
39000
1498
1373
39109
39109
1435
1342
39141
1435
1435
38984
1388
39172
1591
1357
38751
38907
1467
38907
39141
38845
39000
39047
39109
39078
1482
39125
1404
1420
38813
39047
39079
39157
38860
38767
39188
41044
39110
38766
39078
1435
2667
39032
38876
39016
38860
39094
1560
38844
39079
41185
38845
38767
38673
38892
38985
39297
1498
1420
1357
38891
39094
38751
39281
38704
38938
38813
39079
38985
1497
38984
1388
1575
38813
1482
38719
38813
1467
1545
39078
1389
38611
38798
38876
1514
38938
39343
38673
38797
39343
38938
1389
1575
41605
1576
38907
38766
38876
39250
38798
38736
38923
1483
38844
38782
1544
1435
39001
1529
38813
38735
1560
1482
38798
38876
1513
1420
39016
38860
38736
1436
39531
38782
38704
38704
39016
38751
38813
39000
1498
38782
1592
39094
38720
38704
38735
1592
1451
1560
38922
38953
1638
1513
38969
38766
39094
38923
38876
38798
38813
38876
1529
1482
38564
38720
1514
38891
38704
1607
1638
38532
38860
1654
38813
1623
1685
38532
38766
1545
38751
38845
38751
38829
1670
38782
1576
38688
1544
38766
38829
1592
38860
38985
38689
38611
2028
1670
38798
1638
38953
38594
1669
1591
1591
38813
38844
38563
1669
38735
38844
39078
38486
38860
38767
1654
38658
38860
1561
1638
38579
38766
38719
39094
38891
38673
38860
39203
38813
1997
1685
38844
1638
38844
38517
1638
1685
38767
38814
39063
1685
1810
38938
1669
38844
1685
1669
38548
38579
38642
1919
38626
38719
38672
38688
38501
1716
1731
38517
38579
1872
38735
38720
1685
38876
1685
38626
38845
38642
1623
2824
1654
38657
39016
38626
39671
38767
38923
38985
38595
38767
38813
38767
38610
38548
38704
39109
38750
1794
1669
1701
1747
1763
38626
1701
38657
2839
38985
1747
38517
38642
38720
38626
38548
38767
38673
39156
39078
1934
1841
1857
1716
1748
1825
38735
38750
1856
38688
38657
38610
1747
38720
1779
38704
38720
1904
1795
38720
1856
38735
1825
38688
38750
41168
38766
1778
1732
1857
38579
4493
38595
38704
1825
1872
1872
1904
1997
1825
38797
1903
38719
38766
38751
38657
38938
38845
38626
38985
1841
1935
1841
1841
1810
1856
38844
38501
1887
1934
1825
38672
38532
38938
1903
38579
1934
1966
38376
1888
38548
38720
1982
2091
38595
38814
2106
38875
38517
2044
39157
39063
38673
38533
1950
38485
38688
1965
1966
1919
1950
38564
38548
2060
38611
38611
38704
38595
38579
39219
38485
39031
38641
38657
38657
38751
38766
38392
38455
2060
38454
2075
38641
2059
2059
2074
2090
38954
38688
38610
2106
38361
38517
38673
38610
38595
38439
38595
38689
38516
38610
38423
38594
38704
38735
2262
38470
38502
38673
38767
2153
38969
38595
38657
38564
38642
38220
38594
38485
38548
38626
38782
2231
38189
2215
38611
38611
38720
38517
38580
38579
2262
38517
2215
38579
38345
38298
3292
38096
38532
38330
38423
38174
38346
38751
39000
2324
38377
2325
38704
38455
2293
38283
38563
38594
38454
38485
39000
38361
38954
38424
2372
38283
38298
38719
38189
38392
38267
38189
38096
38595
2371
38594
38392
38438
2356
2371
38688
38220
38283
41278
2434
2418
38563
38969
38517
38236
38158
2449
2496
38376
38314
2418
38548
38392
2418
2496
38486
2402
38158
2450
38392
38220
38143
38720
38189
38173
38470
2527
38143
2418
38751
38158
38142
38579
2465
2558
2590
38096
2465
2558
2574
2542
2542
2574
38361
2465
38173
38096
38111
38267
38829
38345
38142
2527
38142
38111
38033
2621
2652
37908
38049
38236
2574
2606
38112
38080
38236
41059
2559
2543
2574
2574
2605
2605
37830
2590
38158
2684
2574
2605
2730
37971
38454
2636
37939
38189
2668
37892
37939
2652
2699
38189
37955
2762
2668
38361
2777
2777
2621
2870
2683
2683
2621
2917
2683
2714
2808
2715
38190
2699
2746
37846
2839
2792
37784
2699
38190
38049
37893
38049
38345
38485
3011
38065
2792
2761
3011
37862
2995
38065
38096
38096
2902
2964
2792
37861
37971
38049
37940
38143
2901
38064
2933
40716
38111
38064
38127
37909
37831
4056
2870
2886
38158
2886
38096
38174
2948
37846
38017
38189
2932
2886
38173
38095
2870
2886
38080
37971
37956
38002
37924
38017
37955
2917
2933
2949
37706
37753
38126
37784
38236
37893
37565
37924
37674
37191
37909
37893
2964
37690
37658
37752
37627
37783
37612
37659
37300
3011
37035
38205
38283
3214
3026
37924
36895
37097
37690
37082
37269
37410
37644
37581
40842
37644
36489
37596
3104
38017
36427
37222
37986
37565
37222
37237
36847
37862
3214
3151
37331
3104
3151
3167
37472
37550
37753
37144
37019
37659
38376
3167
37253
37113
36583
37019
3151
37082
3291
3198
3198
36176
37331
36551
3214
37316
37050
35958
36645
37768
37050
35896
3183
37051
3230
37893
3198
37144
37472
36692
36068
36567
3151
36489
36052
38283
37628
37066
3276
36224
35881
37175
36894
36176
35958
36161
36333
36754
36723
3214
3198
38486
37425
36255
36536
3230
37986
35568
36161
36224
37612
37160
3292
36614
3183
36239
35647
35443
36566
35677
37159
36098
3229
36005
36535
3307
37191
37534
36348
36021
35802
3245
35537
35990
35912
3448
37441
38018
3230
3354
3230
36286
35303
3291
35677
3385
41169
37285
35756
3214
3276
36754
3307
36099
36614
36208
3307
36177
36723
36270
36192
35833
35911
37253
35943
36395
35522
3370
36083
3338
35397
35974
35428
36583
35709
35366
3338
3276
3369
35599
35755
3385
35600
36052
36239
35428
35178
3385
35459
35303
35818
36551
35818
35553
3386
36084
35335
35600
36052
3416
3510
35537
3401
3432
36816
35397
35943
35740
35662
3432
35630
3338
36348
3447
35599
3432
35240
3338
3370
3432
3370
36005
3448
3464
36037
3401
35366
36864
3386
37518
35584
3448
3448
3479
36115
35491
3478
37596
35381
35271
35475
35443
3416
35522
3510
35522
35553
3417
3495
35240
35537
36598
3463
3541
36333
35428
3541
3526
35397
35490
3588
35615
36691
3494
40701
3494
35412
35428
35194
35335
35288
35350
3495
35943
3573
3495
35396
3510
35334
35568
40795
35256
35241
35490
3556
3556
35459
35319
35381
35381
35256
35475
35459
35428
35865
35272
35366
35334
35085
35459
35349
3603
3619
5397
35474
34975
35162
34819
40701
35506
35568
3682
3635
35397
3620
35069
35101
35444
35443
3635
35381
3666
3666
40747
35006
35412
35334
35631
34726
35319
35412
3697
34648
3697
35256
5944
34804
34991
35381
35319
3666
35038
35334
3697
35443
3744
35396
34601
34648
34929
34944
34586
3760
35069
34742
3713
35646
35366
34523
34976
35022
3775
34803
35053
34461
34414
40326
35053
35225
3776
35054
35335
35085
34976
35054
35366
3806
34757
3869
34726
36021
35100
34757
3760
3791
3790
35256
35037
35084
35069
34710
35007
35131
34788
33915
34492
34976
3838
35366
35100
34975
3837
3900
3853
34913
34897
3884
34866
35599
34975
34867
34991
3854
34867
31419
35678
34991
34850
34850
35147
3900
3869
35178
34695
3947
4165
34679
34695
34554
3931
35131
34539
34679
34242
34633
34430
3962
34616
34819
34741
4009
34742
34835
34242
4041
3978
3978
4009
34679
4009
4040
4025
4025
3963
4010
34633
3978
3978
32666
35132
4041
34554
4056
4071
4087
35427
4102
4041
4056
4088
4025
4056
35022
4025
4118
4102
4134
4166
4056
4071
41356
35147
4212
34757
4196
4165
4149
4118
4150
4181
4150
4119
4165
4321
4087
35288
4134
4180
4071
4212
4181
4196
4322
4134
34960
4118
4103
4196
4228
4227
4227
4227
4196
4337
4212
4227
4243
4259
40420
4134
4306
4400
4275
4337
42931
4321
4212
4306
4259
4337
4212
4196
4290
4196
4337
4306
4353
35677
4368
40654
4305
4259
4259
4259
4305
4383
4384
4274
4306
4306
4352
4399
4430
4352
4383
4368
42791
4493
4321
4415
4352
4352
4368
4353
4493
4461
4415
4446
4352
4383
4399
4430
4446
4399
4415
4399
4431
4446
4446
4415
4415
4446
4477
4602
4602
4556
4493
4649
4509
4509
4509
4524
4821
4540
4556
4570
4586
4570
39952
4602
4696
4634
4680
4695
4727
4696
4695
4648
4790
4773
4711
4696
4836
4743
4804
4695
4789
4774
4805
4789
4805
37940
4867
4758
4914
4820
4805
4836
30077
4914
4836
4883
4805
4930
4852
4992
4914
4914
4930
4929
4914
4914
4945
4945
4945
4945
4914
4976
5335
4946
5008
4961
4961
4977
5039
5007
4976
5070
4961
4977
4992
37487
5008
5023
5086
5039
5008
5039
4977
5102
5070
5023
5008
5039
5023
5132
5085
5101
36832
5117
5085
5132
5117
5117
5085
5148
5117
5226
5164
5133
5086
5195
5163
5117
5241
5117
5070
5195
37425
5180
5413
5179
5241
5210
5242
5242
5210
5226
5242
5304
5211
5226
5273
5428
5382
5319
5304
30264
5428
5382
5428
5398
5382
5398
5398
5413
5491
5382
5585
30187
5460
5475
5538
5554
5569
5553
5538
5538
5554
5538
5601
5616
5632
5662
5662
5662
6286
5678
5694
5678
5741
5740
5741
5757
5772
5757
5757
5741
5772
5803
5788
5756
5741
5819
5835
5740
5834
5834
5803
6443
5819
5834
5834
5881
5897
5881
5772
5850
5896
5943
5881
5928
5897
5882
5944
5943
5944
5865
5928
5896
5991
5897
5959
5959
5975
5990
5960
5960
5959
6006
6052
5912
30311
5991
5975
5944
6084
6021
6053
6037
6037
5928
6006
5944
5991
6006
5991
6116
5975
6038
5975
6100
6286
6022
6131
6084
6162
6053
6053
6802
6069
6130
6255
6833
6100
6146
30155
6162
6255
30108
6958
6271
6334
6318
6302
6318
6334
6380
7098
6458
6521
6474
6474
6490
6459
6474
6505
6521
6505
6520
6568
6584
6521
6599
6568
6661
6520
6552
6598
6614
6552
6630
6630
6567
6599
6489
6614
6599
6646
6646
7379
6584
6599
6614
6599
6692
6646
6677
6771
6724
6662
6552
6692
6692
6568
6661
6677
6677
6693
6724
6708
6646
6615
6692
6817
6630
6708
6801
6754
6724
6739
6724
6692
6708
6614
6723
6693
6615
6849
6708
6817
6708
6786
6817
6786
6817
6770
6833
6755
6676
6770
6740
6708
6708
6817
6754
6832
6864
6770
6864
6771
6770
6895
6817
6833
6864
6786
6802
6817
6849
6942
6895
7176
7036
6833
6864
6911
6974
6911
6911
6864
7067
7035
6927
6988
6988
7036
7067
6911
7067
7036
7160
7051
7098
7067
7004
7004
7114
7082
7129
7129
7488
7191
7020
7082
7082
7020
7145
7020
7098
7051
7052
7036
7083
7098
7176
7192
7114
7114
7145
7051
7020
7129
7239
7004
7207
6988
7098
7145
7270
7160
7161
7052
7160
7191
7192
7410
7083
7051
7254
7238
7036
7036
7051
7191
7254
7129
7207
7051
7191
7207
7113
7254
7379
7301
7098
7020
7332
7473
7005
7191
7067
7129
6988
7207
7067
7052
7129
7191
7176
7285
6973
7223
7332
7145
7130
7269
7145
7238
7098
6989
6973
7254
7129
7192
7145
7301
7192
7332
7223
7176
7270
7254
7238
7191
7207
7098
7426
7285
7301
7285
7363
7239
7192
7160
7160
7098
7129
7301
7285
7238
7270
7114
7379
7286
7145
7223
7285
7145
7129
7238
7176
7176
7160
9890
7504
7208
7379
7301
7254
7207
7270
7395
7192
7363
7192
7254
7426
7270
7285
7285
7207
7332
7378
7300
7301
7223
7254
7239
7598
7425
7363
7426
7301
7332
7348
7348
7410
7316
7363
7285
7332
8611
7472
7426
7426
8736
7410
7379
7395
7379
7348
7378
7488
7425
7488
7644
7410
7520
7379
7535
7457
7473
7488
7472
7472
7519
7472
7503
7504
7488
7550
7488
7488
7581
7551
7457
7473
7504
7550
7519
7566
7488
7582
7550
7488
7504
7504
7426
7566
7457
7566
7473
7520
7566
7535
7488
7472
7550
7566
7441
7612
7504
7550
7550
7519
7628
7582
7613
7535
7613
7582
7519
8861
7612
7566
7550
7504
7691
7598
7628
7519
7753
7644
7613
7628
7535
7597
7676
7598
7691
7629
7675
7597
7659
7675
7659
7691
7707
7659
7659
7737
7659
7691
7722
7738
7628
7753
7691
7691
7691
7706
7940
7815
7738
7753
7769
7722
7690
7659
7706
7722
7753
7660
7784
7582
7738
7800
7722
7676
8081
7784
7659
7769
7691
7659
7628
7784
7722
7722
7800
7769
7706
7754
7800
7707
7816
7644
7754
7894
7815
7800
7878
7769
7707
7691
7737
7690
7722
7706
7971
7706
7769
7909
7785
7800
7940
7738
7800
7785
7815
7909
7784
7769
7847
7878
7894
7832
7971
7847
7831
7831
7972
7909
7909
7846
7924
7894
7972
7847
7893
7940
7909
7894
7925
7909
9126
7909
8128
7909
7971
8050
7941
8128
8002
7971
8049
7972
8034
7956
8034
8050
7956
8080
8065
8049
8034
8096
7987
8065
8034
8066
8081
8049
8003
7987
8049
8034
8081
7925
8065
8190
8065
8081
8080
8190
8034
8081
8112
8003
8065
8253
8377
8034
8127
8081
8159
8252
8128
8174
8066
8128
8299
8096
8096
8097
8097
8081
8002
8252
8112
8112
8268
8096
8190
8081
8331
8112
8127
9110
8034
8050
8080
8314
8159
8112
8112
8112
8252
8284
8128
8097
8128
8190
8175
8409
8143
8205
8096
8299
8253
8237
8190
8143
8127
8236
8065
8190
8315
8128
8159
8252
8206
8112
30139
8221
8221
8190
8221
8237
8190
8190
8174
8190
8205
8283
8252
8455
8221
8330
8284
8237
8378
8237
8362
8190
8159
8253
8159
8268
8190
8299
8159
8096
8268
8268
8284
8268
8268
8284
8284
8097
8174
8159
9313
8377
8143
8190
8299
8236
8314
8174
8361
8284
8174
8299
8252
8237
8253
8097
8175
8409
8205
8330
8315
8377
8377
8331
8299
8205
8205
8252
8392
8237
8299
8315
8174
8393
8330
8393
8268
8283
8268
8393
8409
8190
8237
8424
8284
8268
8330
8252
8315
8330
8315
8502
8299
8330
8377
8408
8284
8315
8346
8346
8674
8377
8424
8299
8424
8299
8533
8408
8596
8565
8440
10920
8486
8393
8627
8502
8471
8517
8564
8548
8377
8486
8533
8549
8409
8549
8534
8331
8565
8534
8549
8517
8393
8393
8409
8502
8533
8377
8284
8596
8455
8361
8393
8377
8658
8330
8471
8439
8408
8439
8393
8408
8409
8596
8502
8378
8595
8549
8643
8408
8611
8440
8330
8502
8627
8580
8486
8549
8439
8377
8939
8361
8378
8424
8533
8424
8486
8408
8268
8689
8502
8611
9984
8362
8970
8362
8424
8549
8829
8861
8596
8331
8424
8393
8440
8439
8518
8533
8440
8315
8534
8783
8268
8595
8487
8518
8564
8424
8392
8705
8362
8596
8409
8456
8455
8642
8392
8486
8361
8486
8393
8424
8502
8424
8643
8596
8393
8471
8658
8580
8315
8330
8330
8471
8377
8314
8284
8518
8705
8783
8580
8829
8502
8517
8331
8517
8236
8237
8237
8268
8720
8205
8377
8299
8674
8315
8315
8268
8253
8643
8299
8253
8595
8439
8798
8876
8830
8377
8612
8377
8408
8315
8252
8252
8549
8377
9048
8346
8408
8361
8424
8455
8377
8502
8456
8346
9157
8938
8471
8284
8315
8378
8892
8378
8283
8502
8486
8502
8487
8564
8517
8580
9001
8393
8346
8409
8408
8548
8392
8408
8299
8814
8409
8361
10296
8299
8392
8455
8439
8346
8471
8517
8299
8299
8377
8424
8518
8549
8252
8596
8409
8533
8393
8533
8892
8580
8424
8502
8611
8518
8689
8627
8455
8377
8518
8314
8517
8346
8346
10483
8611
8502
8658
8517
8143
8549
8502
8377
8783
8424
8424
8643
8596
8502
8455
8221
8268
8409
8300
8502
8471
8330
8892
8455
8502
8268
8721
8627
8315
8377
8190
8626
8377
8252
8361
8440
8268
8689
8252
8315
8877
8283
8393
8408
8627
9079
8268
8580
8206
8456
8300
8346
8346
8362
8268
8346
8440
8424
8518
8361
8377
8580
8424
8377
8346
8331
8440
8611
8455
8440
8392
8548
8393
8300
8440
8549
8580
8439
8424
8424
8486
8361
8502
8424
8440
8221
8236
8392
8502
8518
8486
8736
8564
8392
8439
8314
8534
8565
8409
8361
8502
8627
8330
8471
8627
8643
8393
8346
8346
8252
8205
8596
8486
8346
8658
8549
8486
8237
8439
8487
8424
8393
8424
8299
8346
8846
8486
8127
8471
8548
8284
8627
8534
8642
8595
8424
8455
8487
8455
8689
8456
8362
8331
8627
8315
8362
8439
8705
8845
8283
8393
10593
10468
8346
8549
8502
8439
8268
8393
8517
8424
8549
8424
8938
8393
8424
8393
8409
8486
8517
8315
8315
8392
8299
8673
8408
8736
10359
8549
8580
8548
8549
8689
12589
8487
8533
8580
8362
8627
8564
8471
8471
8690
8517
8408
8658
8408
8580
8533
8393
8409
8409
8331
8424
10312
8502
8424
8268
8409
8517
8471
8736
8377
8408
8346
8424
8439
8408
8502
8689
8518
8455
8549
8549
8393
8315
8502
8221
8409
8861
8377
8331
8315
8253
8704
8439
8299
8158
8392
8580
8471
8798
8362
8487
8736
8237
8502
8845
8377
8440
8471
8689
8440
8128
8236
8408
8470
8471
8190
8470
8907
8253
8517
30217
8362
8253
8486
8471
30280
8440
8440
8284
30061
8440
8331
8314
30327
8502
8377
69405
8283
8923
8393
8252
8424
30498
8331
8393
8377
8314
8408
8829
8471
30233
8455
8440
8471
8377
8502
8424
8377
8471
8253
30187
8331
30280
8377
8502
8502
8424
8455
8580
8455
8346
69420
10358
8643
30265
69420
8361
30202
8253
8377
8424
8627
8440
8643
8393
8456
8393
30514
8455
11887
8487
8253
8393
8237
69624
19625
69327
8377
8236
8393
8627
8612
8268
69233
69763
69498
8486
8284
8658
8533
8673
69451
8455
8486
8377
10545
8221
8580
8315
30186
8658
8533
8861
30171
8518
8471
8377
8283
30296
8393
8330
8392
8580
8252
8377
8502
69296
8393
8456
8330
8362
8346
8549
8502
8720
8408
69358
30046
8362
8378
8378
8331
8393
8377
8736
8393
30233
8299
8455
10452
8752
8424
30841
30264
8721
8783
8299
8252
8205
8502
30045
8206
30171
8486
8533
8502
30311
8595
8221
8346
69498
69295
8299
30202
69467
30280
8299
8377
69499
30139
30295
8283
8611
8346
30343
8377
8720
8518
8471
8471
8424
30108
8377
69249
30139
8299
8393
8393
69343
8534
8283
8346
30139
8392
8923
8393
8487
8393
30389
8564
30342
8533
8549
8471
8471
8471
8611
69218
8642
9095
8612
8377
18564
8330
8440
8315
69607
8377
8518
8518
8409
8424
8580
8549
30170
8517
8533
30436
8455
8455
8470
8517
8580
8393
8424
8502
8596
8658
8564
8533
8471
8471
8643
8502
8470
8611
8564
8564
8331
8643
30249
30124
10530
8408
8330
8502
8393
8705
8440
8517
8315
30046
8440
8455
8549
8548
8564
8642
8408
8533
8440
69655
8736
8517
8315
8314
8314
8673
8549
8892
8564
8409
8471
8486
8829
8471
8502
30139
8580
8580
8393
8487
8377
8517
8564
8486
8470
30139
8564
30155
8518
8534
8440
8486
30248
8533
8611
8409
8377
8346
8284
8486
8440
30046
8658
8549
8252
8455
69311
8455
8596
8331
30311
8439
8689
30311
8533
8471
8534
9282
69452
8643
8471
8502
8299
30264
8580
30248
8642
8549
8377
8362
8331
30280
8518
8502
8502
69233
69233
30311
8283
8471
9157
31762
8487
8502
8767
8440
8409
8736
8252
8939
30186
8409
30249
8268
8392
8439
8362
8440
8362
8674
30358
30342
30498
8393
8923
12745
8393
8330
8892
8721
8393
30171
8876
8471
69342
8346
8424
8315
8487
8331
30046
8440
8439
30171
8315
30264
8533
8284
30233
30265
8549
8440
8424
8518
8565
9064
8548
8439
8408
30311
8299
30265
8268
8362
8331
30374
8486
69374
8455
8518
8643
8612
8580
8300
8658
8580
8533
8424
8549
8518
30342
8517
69139
8361
8471
8580
8533
8518
8409
8705
8595
8549
8533
69218
69280
8486
8502
8455
8424
8596
8456
8502
8518
30514
8611
8517
8564
8533
8314
8502
8455
8814
30093
8596
8393
8564
8595
8502
8518
8331
8502
8626
30357
8486
8564
69326
8580
8580
8471
8564
30732
30358
69218
8565
8768
8518
8580
8361
8439
8517
8330
8393
8486
8564
8517
8346
8767
8580
8393
8565
30279
8346
8642
8330
8377
8424
30045
8596
8580
8533
8736
8596
30218
30358
8595
8517
8377
8549
8814
30280
8549
8689
8548
8595
8470
30373
8564
8564
8440
8502
8502
8533
8674
30265
8393
8502
8518
8596
8408
8658
8455
8549
8736
30280
8268
8830
8658
30186
8268
8299
30171
8362
8596
30358
8643
8549
9578
8595
30280
8549
8424
8424
30311
8440
8549
8424
8502
8517
8424
8658
8315
8471
8767
8424
8268
8549
8596
8565
8518
8565
8315
8643
8658
8408
30202
8440
8486
69280
8642
30264
8346
8314
8502
30655
8393
69358
8814
8736
8596
9017
69265
30123
69857
8252
8268
32464
8440
8783
8455
8642
8392
8424
8424
8362
8330
30529
8346
8517
8361
8455
8767
10452
8346
8408
8409
30264
8362
8455
8440
8518
8486
8471
8533
8455
8517
8720
8440
69545
8595
69436
30342
8455
8502
69530
30327
30264
8393
30248
8502
8533
69561
8565
8533
8487
8440
69779
8564
8502
8533
8518
8502
8611
30124
69202
8611
8518
8845
30045
8502
30123
8564
69390
8580
8408
8533
30108
30155
30046
8502
8752
8674
8502
69546
69452
8595
30202
30171
8455
8439
8502
8783
8471
8518
30280
30061
30343
30249
30265
30233
30280
8611
8611
8580
10484
30264
30404
30170
8595
30264
69280
8424
8518
8611
8439
8626
8471
8611
30311
8534
69343
8470
30046
30046
8471
69187
8533
30202
8455
30280
30108
30171
8705
30170
30279
30327
8518
12433
8549
69296
8767
30498
30249
8565
8424
69295
30280
8470
8611
69499
30327
8612
69389
69420
10546
69468
69451
30389
30264
8767
30264
30280
69499
30108
8564
30280
30311
30124
8580
8643
30061
8689
69311
22090
30202
30171
32277
8612
8533
30139
8533
30249
69311
30171
30155
8611
30155
8439
69218
30218
8518
69296
30046
8548
30186
8455
8876
30170
30249
8611
8627
30280
30187
30280
8643
30280
69218
8611
30373
8658
69202
8830
30311
69608
30311
8658
30217
30170
8502
69062
8642
8751
8346
69093
30264
8814
8580
8627
8658
8487
8627
69171
8377
8799
30186
8471
69140
30218
69217
69186
8549
8564
8627
8580
69092
10733
69499
69202
30311
30358
69280
30311
69109
8658
30279
30404
30123
8470
30280
30482
30452
30280
8455
30139
8548
30279
30482
30249
8596
30311
69623
8455
30233
8533
8908
69420
30249
30342
69264
8533
30483
8440
30560
8439
8611
8439
8502
12604
8502
8845
8580
8627
8564
8565
8752
8627
8658
8440
8955
8580
8440
8627
9048
8486
30062
8845
69171
69312
69264
69249
69249
8565
8440
8596
69140
69061
8549
8517
69202
69327
69077
69452
69092
69280
8502
8471
8626
69436
8580
8674
8580
8689
9048
69202
8689
8689
8705
69140
8612
8580
8533
8767
9017
8393
8673
8658
8642
8689
8720
8564
30077
8689
8658
30061
8705
69233
9095
69077
8720
8392
69326
69124
30155
30187
69140
30186
8643
30124
30202
8455
30233
30155
30170
8845
30202
68953
8518
8549
30171
8814
8908
8549
30186
8954
69109
30202
8611
30201
8814
8393
30265
8736
30170
30342
9188
69296
30249
30326
30186
8658
30171
30264
8565
30436
30280
8924
8518
30389
69202
30358
30389
8658
8487
30374
8658
90605
69108
8470
8674
8549
30405
30373
8627
8611
8424
8518
8860
30405
30405
30389
30404
8580
8658
8455
8814
8704
69108
8548
30467
8471
30389
69311
8627
8595
69748
69233
69140
8439
8533
8439
8689
8408
69358
30576
30467
30483
8658
30514
30530
8705
69264
8424
69077
30373
8486
8502
8548
8658
8518
8502
8752
8565
30592
30202
8518
8533
69077
8642
8439
8533
30498
30327
8533
8486
69093
69077
8331
30265
8486
8518
8643
69467
8346
8674
69249
8674
30279
8596
8580
30670
69124
8502
30358
9063
8377
8595
30124
8580
8643
69062
8580
8408
8361
8471
69202
8253
8487
30358
8409
8456
8440
8673
8424
8611
8315
8487
30358
8596
8299
30513
8564
8408
8424
8424
69062
69140
69311
8580
69109
30389
8627
30358
69202
30451
8705
8206
8705
30374
8455
8549
8533
8533
8689
8518
30436
30326
8502
69077
8424
8782
69358
69373
8751
69202
8486
8455
30327
8284
8596
8939
27315
8471
8486
8471
69186
8502
8377
69358
8471
8627
8315
8362
8424
8252
8533
30405
8221
8362
8470
69716
8392
13151
8830
8456
8409
8362
8221
8268
30498
8486
8830
8315
8361
8346
8876
69701
8986
8174
8236
8268
8517
8175
8393
8564
8455
8471
8378
8315
8159
8284
8487
8362
8362
8190
8346
8175
8143
8128
8377
8424
8409
32402
8346
8720
8159
8237
8346
8049
8408
8393
8284
8362
8361
8518
8393
8237
8580
8112
8112
8689
8486
8393
8128
8534
8330
8346
8159
8439
8221
8377
8190
8237
8050
8081
8439
8112
8222
8128
8236
8112
8752
8580
10483
8470
68999
8299
8081
8299
8377
8174
8268
8393
8205
8237
8221
8346
8221
8346
8611
8315
8440
8330
8346
8299
8206
8377
8205
8190
8408
8237
8190
8346
7971
7894
68827
7909
8627
8268
8487
8300
10499
8284
10577
8018
7816
8018
8331
8081
8190
8050
8175
7971
8019
8268
8066
8689
8034
8128
8065
8939
8049
8002
8002
12574
8049
7940
8174
8268
8174
8174
7738
8112
8190
8065
8128
7800
7894
8252
8158
7831
8034
7722
7863
7893
7940
8034
7722
8112
8034
7878
8502
7815
8065
7940
7816
8456
7847
7941
8580
7956
8066
7894
7956
7847
7909
7940
7753
8237
7784
7909
7894
8035
7816
7878
7910
7894
7754
7847
7894
7940
8003
12730
10297
7925
7925
8003
8253
8128
8003
7847
8066
7957
7831
8019
7987
7972
8003
8066
8112
7628
8096
7644
8050
8096
8003
7925
8066
8050
8175
7691
7754
7769
7550
7987
7785
7957
8237
9392
7660
8252
7956
7597
8237
7566
7644
7753
7863
7566
8128
7910
7801
7675
7784
7644
7925
8097
7769
7941
7645
6755
9906
7910
8144
8471
32292
73820
8222
10062
8019
6068
32620
9032
9875
67143
75115
10109
12215
14695
34929
38235
38189
38298
38283
38298
38314
38345
38517
60310
38314
38532
38407
265
47
38205
38392
38470
38329
38423
38392
38563
38345
38330
38236
203
38298
38345
38283
38221
38345
38361
38361
38391
38298
38313
38470
38564
38376
38392
38438
38360
219
38391
702
38376
38470
125
38189
265
38470
234
265
38439
38298
202
38516
38439
187
38407
38173
328
110
38439
38174
390
38438
343
343
38330
343
38298
437
38283
38392
38439
250
141
312
38174
38252
281
38517
38548
219
38438
38532
327
38236
156
38173
38407
38407
281
172
203
281
218
38610
187
312
38455
38439
38361
38455
437
203
265
265
38361
187
38345
219
187
187
38438
38205
38221
375
38377
38345
390
38376
38158
38251
171
249
390
38189
38423
296
343
280
38314
312
312
265
250
38283
38142
546
344
38127
38392
749
38408
249
327
234
38376
38564
281
38298
343
38235
343
38485
38423
38564
328
38189
406
38454
38204
38470
38438
38330
38173
374
312
359
38329
422
38143
390
390
38626
421
38267
38501
405
38252
38876
38236
406
421
406
38517
452
421
38407
436
37955
38313
38111
38501
38408
38751
38844
38204
468
37924
38439
38267
718
484
38126
37923
38345
452
358
437
515
37986
468
468
38548
468
38501
38127
38267
38080
452
38158
38126
38080
38142
562
38813
38158
37955
37986
39016
718
38204
38407
484
38220
562
38579
422
531
37986
38220
530
38173
499
499
38220
484
468
38282
561
38204
499
530
38049
577
608
530
38111
608
38314
531
38065
593
546
38095
702
733
562
38267
38158
530
671
546
38127
702
38407
38189
38158
38173
38174
38423
671
640
640
655
796
733
702
38095
38220
733
702
38267
38875
702
38065
717
733
38360
38454
38142
38813
764
38127
38080
890
718
717
764
38439
811
38454
38111
38299
38361
38221
827
38174
827
38236
858
38111
38314
1029
38204
843
38454
38111
38205
38267
38267
858
38376
38345
889
38251
38267
842
38423
905
38377
38252
38158
38392
38189
38267
38298
38283
952
38251
38173
38313
38267
38142
38095
858
38485
38298
905
38283
38236
843
874
38438
936
38236
38361
38376
38111
38330
38111
38236
38579
38235
38235
38376
936
1014
38095
968
38314
1077
38611
38142
38501
38251
38657
952
951
1029
38641
38329
38360
38329
1061
38189
1046
38377
1108
38345
38345
1014
38485
998
38220
1014
1029
38345
38345
38329
1108
38252
38501
38501
1014
1060
38469
38235
38220
38329
38407
38517
38329
38345
1061
38314
38548
38330
38236
38345
38408
38345
38579
38282
1123
39764
1092
38345
1092
38657
1029
38220
38329
38345
38392
38033
38798
1139
38127
1124
38423
38392
1123
38423
38174
38330
38283
38454
1077
38126
38282
38376
38189
38204
38361
37986
1123
38454
38033
1139
38345
38798
38423
37971
38033
38158
38314
38594
1107
38797
38438
38267
1185
38688
1248
1248
1233
1357
38251
38173
1248
38485
1264
1201
1170
38751
1248
38267
38361
1232
1263
1310
38267
38392
1233
38096
38096
38049
1248
38064
38142
1279
1217
38704
38454
1280
1232
1279
1326
37955
38111
1279
38454
1279
38002
1295
1310
38111
38142
1326
1217
1342
38033
38907
38439
1451
38626
38095
1326
1326
38126
1341
37940
1404
38111
38298
38485
1357
1373
38065
1388
1341
38033
1388
1357
2512
1389
1420
1326
1389
1326
38048
1388
1372
38064
1435
38142
38423
1466
1466
38189
1404
1451
1451
1466
38329
38470
1482
1482
40419
1607
1560
1498
1545
38189
1482
1529
38174
1669
1482
1544
1560
38142
1560
38735
40560
38548
38064
1591
38142
38267
1654
38267
1591
38173
37783
38142
1654
1606
1653
38205
1700
1638
38127
38205
1701
38299
1732
38048
38002
38220
38173
1575
38127
1685
1810
1794
1684
1700
38049
1622
1622
1576
1591
40732
38065
1701
38111
1638
1701
1638
38048
1825
1623
1623
38095
38033
1575
1622
37924
1654
37831
37862
1592
37939
1669
1700
1669
1575
38033
1840
37924
1732
1888
1716
37768
37908
37830
1887
1747
1794
1732
1653
2543
38001
38329
1685
1934
1810
1747
1810
1794
1762
1950
1716
1825
1841
1716
2059
1763
1809
1887
1825
37783
1809
37861
37799
1810
1810
1747
38127
1872
37799
1841
1872
2777
38298
38174
41184
1887
1872
1903
1825
1841
1857
1950
37924
37814
1934
37846
1841
1841
2091
37893
1950
1934
2074
2075
1919
1888
37909
1981
1965
1887
2043
1981
2012
1950
40467
1982
38033
37924
2137
1996
2012
2028
2028
2075
2028
2059
2106
2059
40295
37986
2106
2075
2106
40358
2106
2106
40185
37799
38064
2168
37877
38064
37986
37674
2137
37877
38033
2231
37846
2184
2277
37923
2278
2294
2262
2324
38064
2277
2278
2247
38236
37986
2340
2262
2464
2278
38049
2340
37815
38002
2356
38002
2262
2277
2308
2402
2387
37659
37627
2309
2356
37846
2434
2355
37237
2262
2418
37862
2371
37549
38017
2386
37253
37768
37378
2403
40358
38049
2449
2309
2418
2403
2434
2403
37394
2418
40607
2776
38235
2433
2449
2433
2434
2402
2465
2434
2325
2434
2449
2465
2465
2434
2575
2434
37722
36817
2356
2402
2527
37378
2652
2496
2512
37362
36410
37159
2481
36910
2434
36660
2419
2434
37269
2606
37597
2465
2512
37409
37487
2449
2387
36645
2684
2528
2512
2465
37924
36629
2559
36629
2449
2465
2527
2543
36286
2496
2512
36489
2605
2450
2668
37784
37159
2636
2558
2590
36411
2496
2527
37175
36863
37503
2745
2496
2511
2543
2511
2715
2512
2605
2449
2731
2481
2715
36442
37549
36177
36598
2605
2605
36161
2574
2605
2511
36161
2715
36707
36411
36707
36614
2621
36364
2481
38002
36271
37596
36613
2652
2574
36614
2528
2652
2637
36380
2684
2574
2652
36286
2746
2668
2652
36613
2777
36442
2621
36286
36723
36302
36442
2637
36442
36318
37612
37347
36583
36240
36099
36505
2668
36536
2761
36364
2637
2684
2699
2606
36255
36052
36286
36488
36442
2574
2652
2636
2714
36317
2699
36223
36145
36239
36380
2683
36146
36661
2606
36396
2668
36630
2606
36536
36301
36208
36379
2668
36333
36239
2683
36130
2668
2621
2621
36208
36224
2606
2823
2808
2777
36223
36520
2667
36052
36692
36380
36364
36427
2637
36302
36271
2715
2652
36208
36317
2715
36052
36161
36193
2668
2683
36676
2730
2715
2840
36208
36067
36161
2839
2730
36629
2777
2839
36192
36286
2886
36364
36317
35974
36583
36458
36239
36145
36254
36052
36161
36239
2902
36224
36068
2840
36177
36192
2855
36114
36036
2933
36458
36052
35959
2902
4150
36115
2902
2886
36395
35958
2793
36099
36270
36084
36037
36567
36115
36067
36223
2839
36364
36271
2949
2840
36083
38095
36535
2855
2964
2948
36348
2980
36348
36099
2964
36270
36317
36333
36302
2902
2965
2777
35959
36115
36068
35959
2918
36270
36114
2777
2933
36099
36302
36099
36442
36115
36130
36208
3026
36114
36114
2886
36208
36161
36098
36098
36348
2964
3027
2995
2933
2995
36130
2995
36067
35896
35959
3027
2996
3105
36161
36176
2855
36379
36348
36161
3042
36130
3042
36114
2980
35990
2965
36162
3027
2887
3089
2933
35911
36130
35911
36145
2871
36598
36177
36442
35990
36239
36301
35942
36208
3182
36176
3089
2746
36193
2871
2855
36021
36099
2933
2902
36052
2948
3089
3026
36067
3011
2996
36052
2793
36161
36286
2808
36036
36083
2777
36114
36145
2979
36333
35958
35927
36161
2886
36161
36161
2918
36177
36286
36208
36006
36021
2918
36224
2980
2995
36099
3026
36021
36177
35990
2793
36130
36020
2964
2995
36301
36005
36052
36083
2965
35959
36145
2886
2917
2948
2948
36052
36052
2918
36068
36099
2902
36348
35974
35912
36083
36005
36052
35990
2855
36208
36193
36006
4135
36130
36177
36270
36177
36052
36192
36021
2902
36208
3136
2886
2964
36177
36146
36052
2917
3198
36254
36224
3198
36302
2980
36240
3230
2965
3011
35990
36084
36068
36177
36083
36130
3042
3089
3042
36099
3011
2964
36520
2918
3011
36332
35708
3042
35693
2948
3027
36255
2917
36192
36115
2918
3058
3183
2995
2980
36036
3104
3042
3105
36130
36224
36598
36333
36317
3074
3042
36192
36114
35990
3089
3073
36084
3152
35959
3089
36130
36193
36161
36223
36067
36567
3151
35880
36629
3089
36223
36114
36130
36380
36255
36271
40218
36068
3136
3058
3120
36083
36161
36005
36145
36177
3042
35959
36208
36037
3697
35896
3089
35646
3136
39375
36551
3151
3152
3121
35803
5429
36302
36364
3182
35896
35802
35428
35553
36286
35927
3120
35740
35397
35631
35538
35896
35475
4446
3151
3167
35350
35662
35506
35677
35864
36364
3167
35334
36333
36395
35553
35506
3276
35787
35693
3276
35490
3245
3448
36146
35584
36536
35600
3510
3604
35522
3292
36020
35630
35584
34960
3214
3433
35584
35646
3338
35475
35475
3276
35179
35506
35647
35615
35693
3447
3338
35584
35537
35552
35303
35584
3261
34773
36036
35428
35382
35709
35366
35444
3261
35506
36598
35537
35615
35085
34741
35131
3369
34882
34788
3291
3276
35350
35584
3417
35584
35085
34336
3323
3308
3370
34851
35538
35460
34586
34212
3292
34804
34882
35490
35335
34742
34742
3323
33946
3307
35163
3479
35069
34773
34523
34913
3511
34648
34898
3433
34570
34773
35709
3370
34804
34663
35350
3448
36239
34492
34538
34616
33681
33946
3448
35444
3432
34913
34289
34133
33884
3464
34695
35334
3463
33431
34913
3463
34664
34570
34399
34336
33446
34819
33899
33634
34866
34726
34243
34945
3620
35865
34289
3494
33259
35396
33680
34211
33680
33914
34991
34133
34039
3510
38922
34305
33930
3541
34274
34055
33993
33759
33978
33634
34008
33587
33868
33665
34102
33649
34087
34165
3620
3557
33572
33306
33525
33431
34087
34024
33961
3572
3572
34258
33727
34554
33884
34944
36193
34258
33665
3604
33680
34757
33540
33665
34024
34133
3604
32682
33447
33587
33509
33197
33493
32822
3588
3666
34617
33494
3666
33228
33322
33696
38143
30810
34304
3666
33399
33353
33072
32900
34320
3713
33696
3682
32932
33228
33119
33275
33244
33026
3745
34773
33244
33119
33275
33056
33197
32869
32932
33197
33057
33837
3760
33150
33087
33415
3728
33555
33009
35006
3760
33103
32698
33197
33041
3760
33010
33041
35226
33057
32791
3760
33056
3900
33025
3884
33056
3744
3760
34071
33446
33009
33368
33119
33119
3807
33135
33197
3807
33150
31871
33259
32760
3667
33821
32807
32932
3791
33821
38376
33758
32276
33322
31247
3807
31856
32963
32947
3822
3900
32745
3807
33229
3713
3682
31824
33181
3900
3838
3760
3854
3900
3853
33197
3775
32355
3823
3823
4040
34039
38345
38080
3776
33509
3760
3853
3775
3807
6193
3962
3776
3837
3994
34757
3884
4041
3776
38205
38346
3962
3869
3885
38454
3885
3869
30155
3900
4056
3806
3978
3931
3869
3869
4025
3900
4103
3963
3978
4196
4041
4010
4134
4072
4181
4197
4025
3978
3947
4025
4041
4009
4041
4025
4088
38813
4056
4009
3994
4010
4103
4150
4087
4025
4103
4119
4119
4040
4149
4025
5335
5180
7301
4321
4150
4103
4149
4103
4337
4196
4166
4275
4197
4259
4275
4212
4244
4228
4337
4290
4165
4228
4243
4243
30061
4290
4275
4290
4290
4291
4291
4415
4274
4306
4274
4275
4290
4259
4275
4384
4368
4352
4337
4399
4587
4383
5492
4399
4415
4461
4477
4446
38361
4446
4524
4586
4508
4524
4540
4805
4524
4524
4524
4586
35833
4618
4587
4618
4602
4648
4633
4571
4649
4649
4634
4649
4618
4587
4726
4680
35568
4727
4758
4695
4727
4695
4726
4602
4742
4711
4618
4727
4743
4758
4774
4633
4789
5866
4821
4727
4774
4805
4649
4868
4836
4821
4836
4836
4711
4820
4758
4836
4821
4820
4789
4789
4758
4821
4930
4898
4914
4836
4820
4804
4836
4852
4946
4805
4929
4836
4851
4930
4867
4852
4836
4836
4898
4867
4883
4898
4898
4914
4882
4929
5070
4961
4883
4961
5023
4976
5055
5226
4945
4976
4914
5241
5023
4946
4946
4992
4961
5023
5023
5007
4976
5039
5023
36676
5038
5991
5054
5024
5117
5039
5070
5195
5054
5054
5086
5117
5039
5117
5038
5086
5086
5070
5133
5101
5116
5148
5101
5164
5210
5241
7067
5195
5226
5242
5226
5304
5180
5195
6053
5257
6053
5288
5289
5304
5241
5289
5226
5304
5351
5460
5367
5367
5304
5367
5398
5319
5397
5350
5350
6131
5429
5351
5351
5289
5428
5491
5366
5491
5460
5367
5444
5522
5507
5475
5398
5554
5523
5507
5413
5506
5460
5492
5507
5444
5460
5553
5491
5397
5507
5445
5522
5569
5804
5445
5522
5507
5569
5475
5507
5460
5476
6287
5569
5538
5444
5585
5553
5819
5569
5616
5538
5553
5553
5569
5585
5616
5647
5600
5631
5585
5632
5663
5709
5647
5632
5678
5756
5663
5726
5882
5679
5788
5772
5679
5757
5741
5741
5756
5741
5803
5788
5788
5866
5772
5803
5865
5866
5881
5912
5896
5881
5928
5928
5928
5944
5928
5959
5959
5990
5960
5991
6053
6068
6038
6068
6022
6084
5990
6084
6038
6084
6147
6069
6147
6147
6162
6068
6084
6256
6318
6194
6194
6147
6084
6162
6209
6209
6255
6099
6146
6069
6115
6162
6225
6271
6318
6209
6193
6162
6147
6272
6069
6146
6068
6209
6193
6115
6193
6099
6084
6193
6240
6225
6381
6194
6116
6256
6225
6131
6177
6146
6224
6209
6178
6193
6256
6178
6318
6208
6178
6396
6178
6271
6131
6287
6162
6255
6240
6256
6209
6443
6396
6302
6224
6318
6427
6256
6272
6350
6147
6225
6240
6240
6240
6271
6271
6271
6255
6271
6271
6256
6256
6303
6256
6240
6364
6193
6302
6272
6333
6209
6318
6303
6505
6271
6396
6427
7488
6490
6646
6303
6287
6255
6396
6302
6380
6365
6583
6256
6505
6381
6350
6303
6334
6458
6256
6505
6365
6396
6349
6396
6411
6458
6427
6380
6365
6318
6490
6443
6318
6396
6489
6333
6396
6381
6443
6411
6442
6380
6458
6552
6427
6412
6521
6334
6443
6458
6677
6459
6739
6381
6458
6489
6442
6505
6365
6412
6459
6427
6396
6583
6411
6474
6396
6567
6474
6427
6396
6552
6583
6520
6458
6536
6505
6490
6521
6474
6521
6474
6490
6598
6489
6583
6521
6615
6521
6677
6615
6661
6567
8377
6693
6645
6599
6693
6786
6583
6583
6802
6739
6708
6755
6708
6801
6677
6708
6926
6770
6598
6599
6786
6677
6708
6693
6802
6630
6802
6740
6645
6739
6708
6708
6770
6723
6708
6832
6739
6832
6802
6724
6770
6849
6786
6818
6614
6739
7035
6724
6833
6864
6817
6676
6692
6911
7722
6739
6833
6818
6864
6708
6848
6677
6786
6599
6724
6911
6817
6739
6817
6848
6848
6708
6662
6864
6848
6755
6833
6724
6817
6817
6661
7082
6818
6958
6973
6848
6817
6833
6615
6817
6833
6692
6661
6833
6818
6723
6973
6911
6833
6661
6988
6817
6755
6755
6740
6802
6786
6755
6739
6817
6786
6911
6817
6864
6802
7300
6879
6754
6786
7051
6786
6895
6770
6849
6848
6786
6911
7067
6770
6754
6801
7301
6864
6880
6833
6849
6895
6927
7036
6833
6896
6896
6864
6927
6864
7004
6911
7254
6880
6864
7067
6989
6880
6942
6973
6989
7005
6942
6926
6926
6973
6989
6926
6973
7020
6957
7035
7051
7036
7160
6988
6973
7004
7051
7113
7036
7083
7036
7238
7191
7161
7207
7051
7222
7098
7051
7129
7114
7191
7114
7223
7410
7238
7239
7082
7098
7191
7238
7192
7176
7332
7223
7426
7145
7145
7332
7207
7222
7269
7348
7192
7208
7223
7223
7301
7316
7285
7254
7300
7254
7238
7285
7317
7301
7348
7317
7317
7348
7316
7332
7348
7254
7301
7364
7239
7348
7332
7317
7285
7379
7316
7316
7207
7472
7332
7301
7285
7519
7379
7317
7379
7363
7441
7379
7316
7270
7394
7394
7503
7348
7317
7410
7472
7441
7254
7316
7457
7347
7441
7503
7410
7348
7504
7535
7379
7425
7535
7426
7363
7457
7472
7425
7441
7597
7597
7363
7457
7457
7363
7472
7410
7379
7442
7457
7629
7442
7472
7457
7441
7426
7535
7473
7473
7457
7395
7707
7503
7488
7488
7535
7410
7535
7473
7551
7519
7519
7535
7394
7566
7488
7442
7598
7504
7504
7566
7582
7426
7551
7426
7457
7535
7488
7675
7566
7566
7504
7598
7598
7457
7566
7582
7613
7613
7660
7597
7613
7566
7519
7582
7613
7706
7581
7582
7613
7613
7613
7675
7738
7582
7816
7691
7628
7581
7675
7691
7644
7659
7597
7707
7831
8721
7707
7800
7675
7707
7676
7706
7628
7863
7691
7894
7831
7737
7800
7659
7691
7660
7472
7878
7613
7737
7800
7785
7566
7784
7878
7784
7644
7722
7862
7473
7847
7784
7816
7815
7769
7598
7754
7582
7566
7597
7863
7831
7690
8049
7690
7550
7769
8003
7535
7691
7457
7597
7690
7472
8034
7644
7519
7597
7457
7909
7659
8034
7722
7472
7816
9063
7535
7722
7784
8424
7582
7660
7675
7629
7675
7691
7582
7738
7675
7722
9189
7753
7800
7706
7629
7644
7707
7410
7644
7629
7707
7768
7738
7925
7644
7519
7644
7659
7566
9454
30109
7675
7659
7722
11310
7676
7691
7706
7878
7878
7581
7878
9485
7488
7722
7847
7862
7598
7644
7659
7566
7628
7940
7613
7535
9485
7394
7644
7628
9594
7644
7691
7878
7597
7629
9563
7550
7597
7581
9579
7519
7534
7550
7535
7395
7597
7675
7519
7426
7504
7519
7738
7504
7550
7582
7566
7519
7378
7847
7581
7644
7426
7441
7520
7691
7410
7894
7488
7816
7457
7644
7706
7894
7425
7722
7706
7597
7597
7738
7519
7597
7628
7582
7644
7738
7628
7613
7675
7629
7660
7644
7644
7675
7691
7660
7816
7566
7597
7566
7488
7488
8190
7753
7488
7550
7722
11076
7535
7659
7613
7737
7550
7566
7675
7878
7956
7613
7488
7534
7425
7706
7488
7628
7488
7551
7613
7831
7613
7613
7690
7472
7613
7644
7426
7473
7566
7691
7582
7737
7503
7488
7519
7613
7504
7784
7488
7519
7535
7425
7519
7769
7660
7457
7644
7660
7628
7612
7722
7754
7832
8003
7800
7613
7612
7612
7488
7644
8159
7675
7722
7316
7347
7784
7442
7629
7659
7488
7613
7504
7659
7535
7332
7612
7550
7831
7737
7644
7550
7488
7473
7379
7363
7566
7722
7644
7457
7425
7457
7488
7503
7534
7503
7441
7519
7441
7473
7628
7425
7332
7457
7363
7504
7519
7332
7457
7410
7441
7410
7426
7551
7550
8518
7535
7410
7535
7535
7410
7550
7520
7613
7503
7473
7394
7394
7535
7551
7628
7581
7410
7566
7612
9610
7769
7363
7550
7457
7707
7566
7535
7317
7676
7488
7472
7301
7597
7581
7550
7550
7691
7566
7441
7285
7597
7597
7768
7581
7566
7410
7582
7504
7488
7441
7737
7628
7379
7566
7566
7456
7394
7425
7425
7410
7504
7301
7473
7707
8050
7286
7535
9781
7581
7519
7566
7363
7613
7410
7519
7347
7519
7550
7894
7394
7862
7426
7550
7519
7535
7769
7520
7395
7847
7613
7644
7535
7410
8065
7457
7722
7613
7863
7473
7535
7473
7581
7379
7519
7613
7223
7410
7753
7519
7535
7410
7504
7816
7659
7941
7394
7675
7659
7285
7348
7348
7270
7161
7379
7597
7176
7348
7629
7270
7176
7270
7270
8268
7347
7270
7426
7379
7348
7348
9750
7300
7316
7472
7114
7239
7379
7503
7473
7098
7504
7364
7098
7254
7176
7332
7425
7456
7129
7410
7254
7394
7550
7207
7145
7239
7301
7191
7285
68250
7535
7145
7332
7488
7457
7675
7270
7192
7488
7238
7488
7270
7488
7379
7473
7192
7238
7238
7161
7239
7207
7363
9843
7238
68406
7223
7332
7394
7098
7254
7192
7316
7504
7051
7285
7285
7566
7176
7176
68438
7254
7176
7238
7129
7269
7129
68391
7067
7613
7254
7270
7410
68297
68438
7145
7082
7301
7098
7457
7129
7207
68516
7722
68453
7285
7285
7176
68500
7191
7426
68562
68500
68282
7208
7504
68281
7223
6833
7160
7363
7098
7285
68313
68329
7114
7223
7581
7300
7113
7269
7566
7722
68328
7208
7005
68360
68406
6895
7223
68406
68266
7113
7160
68359
7145
6880
7005
68407
6896
8018
7067
7160
68297
6957
68250
6880
6973
7176
6974
7129
7285
68453
7145
7176
7036
7098
7254
68328
7285
7254
68516
7176
7035
6989
7098
68313
68313
68578
68437
7114
7098
7082
68593
6895
7144
7192
7223
7176
7005
68671
7161
7816
68375
7114
7098
7113
7597
7114
7114
6958
7098
7129
68297
7145
7036
7129
7722
7035
68297
7082
68453
68453
7207
6895
7160
6926
6926
6880
7161
6974
7051
68640
7129
7145
7051
7176
7098
7161
6973
7192
6958
7036
9657
7160
7207
7269
7254
7254
68516
7426
6957
7269
6989
6989
7254
68485
7192
6880
6848
7378
7113
6957
6926
7036
7004
6973
7051
7004
7020
6864
7004
7098
6833
68485
7348
6895
68312
7082
7020
7207
7051
6895
6926
68344
7208
68562
7129
7082
7020
7426
6880
68547
7161
68531
68500
7129
6958
7176
6849
68562
7160
6942
6864
7082
7269
6739
7192
7082
68500
68516
68532
7114
7035
7145
6942
7067
7067
6895
68547
68547
7004
7113
6911
7067
7098
6755
6896
9719
7052
6989
6942
68469
7051
6879
7316
7004
7098
7348
6880
7207
68547
7036
7113
6754
7426
6833
6818
68578
9516
7052
7098
6740
11732
6802
7441
7145
68578
6910
7269
6786
68547
6973
6739
6911
68407
68563
7535
68500
68453
7285
68485
68437
6754
68562
68594
9922
7145
68422
7238
6770
68438
68453
68593
7020
6973
68453
7222
7425
68640
6801
68344
68422
6973
7239
6817
6958
68485
68438
68656
7051
6958
68640
6880
68484
68500
7207
68516
68359
68422
7082
68469
6958
6849
6880
7145
6910
7082
6973
8175
6770
7083
68641
68516
6958
7004
6739
6927
6818
7130
6833
6864
7004
6661
6817
68485
68563
68469
6630
7192
6583
68313
6833
6801
7348
7098
6942
7144
6708
68391
6786
6755
6739
68812
6708
6677
6786
68718
7067
6911
6911
6802
6490
7238
68376
68297
68578
68578
6817
6802
6848
68593
6911
6599
68703
6567
68390
6333
68360
6848
6396
6521
6443
6552
6287
6458
6583
6973
6552
6568
6786
6630
6739
6661
6255
6552
6380
6786
7005
68797
6318
6474
7785
6489
6364
6536
6739
6552
6942
6396
6427
6474
6536
6162
6474
6302
6521
6537
6349
6209
6630
6833
6427
6708
6568
68485
68624
6646
6880
6271
6927
68609
6661
6552
6583
9313
6303
6193
68251
6583
6380
6287
68298
6224
68531
68438
9313
6100
90013
6224
9329
6333
68516
9438
6349
68656
68469
68531
6286
6302
68438
68547
6178
6303
6303
68532
6350
68422
68703
68500
68578
68453
6255
68454
6427
68484
9095
68469
68468
68468
68718
68500
68781
68438
6037
68531
68437
68531
68531
68360
68609
68578
68438
68594
68422
6130
68593
68578
68407
68609
6100
68609
68468
6256
68594
68500
68562
68718
68485
68422
6505
68625
68313
68593
6505
68547
68516
68485
68687
68453
68687
68282
68593
68515
68625
68485
68563
6162
68251
6318
6318
68484
68250
68594
6194
68734
68438
6115
68703
68500
68672
68298
68905
6053
6193
68375
68687
68328
68968
6037
6162
68454
68656
68469
68734
6162
68500
68531
5975
68625
68438
68484
6193
6162
6193
6146
68516
68485
68515
6240
6131
68656
6177
6193
6334
68516
68531
68437
68641
6256
68438
68422
68578
68672
6022
6177
68469
68671
68641
6037
6131
68671
6131
68578
68594
6334
6038
5991
6038
6177
6427
68671
6037
6349
68859
68484
68812
6053
68781
6130
6396
6116
68469
5944
6068
68625
68609
6068
68640
5990
5975
6100
6224
68562
6272
6038
6022
6661
6037
68562
68640
68500
6427
5943
5959
6037
69014
69015
68609
68703
6006
68734
6068
68687
5803
68718
68780
68375
6334
68687
68562
6006
68500
68859
68687
5990
6099
68734
68687
5834
6146
5912
68687
5881
68734
68687
5897
68641
6287
6645
5912
68609
6271
6084
68765
5990
68640
68547
68500
6287
68812
5897
68656
68765
68453
5959
69062
5694
68624
68578
68765
68282
5694
68454
68532
70528
68780
5772
68656
68531
5741
5912
5772
6006
5975
68562
5912
5881
68407
6037
6052
5834
5881
5912
68656
5803
5882
5928
8378
5819
5725
5772
5725
68827
5803
5944
5897
5928
5913
5865
68469
5741
68859
5944
68546
5787
5850
5943
68469
5975
5912
5850
5928
5881
5709
68500
5944
5897
5788
5912
5928
5944
5710
5726
5850
6006
5881
5710
68765
5725
5865
5834
5897
5913
5788
5928
5928
5866
5882
69763
5912
5944
5772
5912
5803
5787
5865
68640
68469
5850
5912
5741
5928
5944
68593
5865
5834
5943
5943
5928
5897
68516
68547
68532
6037
68671
5819
5850
5928
68359
5944
6147
5913
5975
5896
5694
5912
68594
68625
5866
6006
68391
68797
5570
68641
5975
68890
5944
68422
5788
5803
68531
68391
6053
5913
68641
5835
5756
68375
5694
5788
68734
68766
5709
68500
5491
68781
68625
70528
68640
68812
68515
68406
68609
68469
5756
68812
5709
5741
68906
68641
68484
5803
68609
68593
68625
5632
68625
68515
5756
68297
68672
5647
5709
68469
68640
5835
68625
68437
68469
68484
5647
68547
6131
68469
68516
68719
6255
68968
68500
68515
68282
68922
68407
68500
5741
68453
68594
68516
5850
68328
5725
68390
5772
8284
5757
68375
68375
5803
5866
5897
5897
5819
5709
68469
5803
68438
5694
68578
5788
68469
5928
5803
5850
68376
68547
68625
68578
5943
5803
68469
5912
68453
5881
5757
68641
68593
5865
6115
68422
5803
5818
8080
68640
5959
68672
68641
68609
5881
68485
5803
6209
5679
5959
68578
68625
5678
5990
5865
68578
5897
68531
68516
5991
5726
5975
68625
5991
68812
6084
5850
68531
5756
5710
68485
5663
7987
68578
6053
7769
5991
68609
6052
5990
5959
5928
6084
6037
68640
5897
68687
68609
5631
5662
68687
5959
68625
68656
5757
5663
68594
68594
68718
5881
68593
5850
68687
68687
68593
68703
5834
6178
68640
68781
6302
5866
5928
68641
5943
68500
68640
5772
6178
68843
68828
5725
5959
68797
6255
5725
68281
68750
68547
5757
68688
68734
5726
68781
68687
6053
68781
68531
68516
68671
68827
68671
68375
5850
68672
5912
68531
68469
6272
5694
5678
5881
5772
68906
5943
68609
6006
68593
68812
5787
5803
68500
5787
68500
5959
68547
5835
5865
68453
68485
68641
5834
5881
5944
5943
68562
68578
68671
68390
5834
5928
68656
68734
68625
68562
5975
68641
68453
5959
68609
6068
68641
68671
5991
68656
68640
68624
68687
68687
68828
68609
70684
68563
5819
68438
5975
7785
68594
68437
68578
5975
68609
68563
68469
68500
68500
68516
68594
5990
68453
5662
68640
5928
5897
5679
72712
68454
5834
5897
6240
5803
68438
5803
68547
5709
68625
68719
5928
70746
68594
68734
70715
68438
68453
6506
68594
68750
5726
68547
6489
68718
5772
68516
5803
5772
6583
5881
5787
5772
8143
5740
8081
5803
5788
5757
5772
5772
5553
5834
5787
5834
5554
5913
5881
5725
5959
5788
5772
5850
5741
5741
5585
5709
5834
5616
5710
5882
5897
5819
5663
5943
5772
5850
5569
5787
5850
6006
6130
5928
5756
5756
5772
5710
6116
5741
6100
5835
5757
5772
5569
5709
5647
5553
70949
5709
5944
5678
5444
5460
6349
5257
5694
6053
5648
5585
70544
5585
5272
5397
5507
5741
5475
5460
6131
6240
5616
5413
5585
5601
5538
5507
7769
5663
70684
5804
7862
5616
5569
5616
7785
5616
5600
5647
5538
5570
5835
5491
5554
5476
5398
5616
5694
5476
5616
5476
5694
5585
5398
5445
5600
5366
5834
5538
5569
5663
5507
5678
5663
5319
5772
5647
5414
5445
5538
5975
5350
5350
5522
5444
5398
5413
5522
5476
5756
7738
5631
5476
5585
5584
5506
5538
5523
5648
5538
5663
5600
5788
5679
5538
5616
5678
5335
5351
5662
5460
5288
5351
5273
5398
5289
5694
5725
5725
5647
5647
5757
5601
5445
5850
5507
5632
5694
5585
5397
5694
5756
5709
5756
5694
5569
5632
5756
5897
5523
5881
5616
5553
5163
5491
5273
5351
5522
5226
5242
5258
5631
5257
5226
5257
5085
5241
5538
5756
5023
5039
5788
5444
5070
5023
5351
5210
5179
5179
4992
5070
5662
5054
5179
5180
4977
5007
5054
5023
5460
5273
5054
5304
5085
5117
4992
5054
4961
5007
5101
5413
5086
5242
5054
5132
5257
5039
5132
5117
5148
4976
5195
5241
5460
4930
5117
4992
4914
5148
5070
5070
5242
5086
5148
5179
5257
5101
5179
5086
5070
5241
5273
5133
4914
4945
5102
5070
4649
4914
5117
5070
5476
4618
5398
4883
5163
4758
4883
5101
5116
4586
5024
4571
4867
5148
4836
5133
4727
5038
4867
5366
4899
4929
4898
4446
4867
4727
4851
5335
4634
4899
4899
4540
4712
4461
4587
5569
4680
5070
4306
4602
4149
4399
4181
4056
4134
4180
4477
4852
5289
4321
5132
4243
4337
66894
4368
4274
4384
4305
4274
4134
4415
4228
4165
4150
4243
4321
4087
4196
4180
32464
4290
4493
4197
4009
4118
4274
4243
4025
4228
3932
4337
4321
4368
4259
4383
4274
4258
3869
3370
4290
4462
3292
3291
4337
4477
4025
4493
3557
4025
4212
4009
3619
4336
3401
4134
4384
4274
3666
4181
3042
3822
3432
3479
4446
3884
3292
3339
2871
3604
3370
3416
3447
3416
3089
3744
3401
3386
3416
3339
3916
3105
3369
7456
2542
3369
3556
3588
3604
3479
3526
2855
3416
3089
2481
3962
3244
3822
2574
3230
2995
2745
2777
2559
2839
2871
2620
2605
2792
2324
2917
3634
3385
2277
3385
2636
2839
3120
3370
2559
2590
2637
2590
2667
3120
2574
2808
2652
2496
2496
2527
3151
2590
2668
2605
2933
2854
2792
2137
2761
2558
3260
2698
3354
3026
2980
2605
2106
2746
2543
2886
2840
2559
2574
2528
2668
2964
2013
3806
2527
3588
2527
2418
2371
2325
2028
2371
2371
2402
2886
2309
2324
2808
2356
2309
2715
2356
2902
2325
2325
2371
2839
2231
3011
2247
2278
2480
3556
2308
2324
2277
2824
2184
2402
2996
3011
2730
2730
2340
2340
2231
2699
2980
2247
2543
2730
2371
2840
2371
2605
2418
3354
2589
3308
3464
4431
63258
6053
4727
4774
37502
37409
37643
37472
37612
37658
37394
37456
37472
37690
37456
37799
37596
37487
37596
37752
37689
37503
37550
37534
37533
37752
37580
37643
37580
37611
37565
37425
37612
37643
37518
37643
37581
37534
37581
37549
37409
37597
37441
37581
37378
37440
37440
37580
37456
37425
37409
37549
37394
37565
37378
37768
37487
37550
37424
37736
37377
37518
37394
37550
37409
37534
37518
37674
37503
37393
37409
37565
37550
37503
37441
37550
37612
37549
37424
37565
37409
37737
37643
37424
37518
37596
37533
37549
37565
37534
37534
37596
37674
37596
37675
37487
37612
37643
37519
37565
37549
37378
37628
37721
37409
37643
37627
37502
37799
37534
37674
37518
37549
37892
37581
37424
37471
37721
37752
37533
37565
37628
37659
37628
37736
37456
37862
39765
37643
37924
37487
37472
37658
37612
37456
37347
37518
37268
37549
37783
37440
37393
37393
37378
37409
37393
38001
37393
37487
37612
37596
37409
37472
37518
37331
37487
37503
37331
37424
37503
37534
37440
37440
37581
37565
37409
37268
37658
37533
37456
37268
37253
37580
37409
37285
37331
37222
37315
37472
37159
37425
37565
37456
37440
37565
37424
37736
37471
37456
37175
37393
37347
37191
37440
37331
37221
37159
37268
37549
37300
37221
37362
37237
37159
37285
37238
37814
37346
37222
37284
37191
37159
37237
37253
37268
37190
37253
37565
37129
37331
37315
37315
37362
37143
37347
37269
37082
37409
37222
60341
37128
37565
37113
37066
37081
36972
37081
36957
37050
36925
36988
36816
36987
37066
36972
37035
38408
36863
37081
37004
37034
36972
37347
36831
36941
36925
36878
37050
41668
36832
36754
36878
36723
36739
36894
36785
42338
36848
36926
36691
36769
36879
36894
36816
39500
36863
36878
37050
60232
37097
36894
36926
37003
36910
36723
38095
36800
36941
37051
36691
36926
37362
60013
37222
37066
36551
60248
36317
36176
36161
36379
36161
39125
36192
36302
36192
36177
36427
36317
36363
36364
36582
36208
36302
36208
36473
60232
36067
36176
36457
36130
36052
36364
36255
36317
38766
36145
36270
36114
36505
36161
36161
36364
36644
36254
36130
36146
36083
36224
36223
36645
36099
36379
36348
36129
36083
36146
36458
36099
36395
36083
36738
36114
36176
36317
36223
36114
36177
36473
36505
36317
36224
36192
61136
36208
36598
36161
36255
35943
36536
35895
36177
36005
35990
36207
35989
36145
36208
36068
36129
35942
36036
36223
36193
36239
36302
36020
36270
36941
36114
36036
36021
36270
35927
36036
36161
36067
35943
35990
35990
36020
36285
36052
36005
36083
35958
36270
36114
36863
35911
35896
35927
35989
36348
36270
36083
36239
36146
36146
36145
35896
36364
36099
36114
36239
36083
35864
35990
36286
35927
35912
36161
36192
36099
35833
36146
36036
36176
36348
35911
36098
35833
36036
35849
35849
36130
35865
36068
36052
35864
35864
35880
35896
35943
36146
35802
36239
35958
36223
36379
35911
35818
35818
36707
35771
38392
36395
35771
36052
35911
35865
36161
36083
36005
36068
35849
35989
36270
35989
35911
36489
36005
35786
36145
35818
35864
36130
36083
35865
35942
35895
35833
35771
35756
36208
40857
35818
35678
35943
35740
35818
36083
35724
35817
36317
35849
35849
35708
35849
35739
35864
35833
36099
35880
35709
35896
35787
35771
35974
35912
35724
35786
35802
35724
35802
35756
35693
36083
37409
35756
35756
35771
35661
35771
35771
35849
35802
35630
35615
38189
35537
35724
35709
35818
35756
35802
41106
35755
35615
35865
35912
35599
35740
35740
35584
35584
35584
35553
35942
35864
35599
35537
35537
35537
35677
35989
35599
35506
35600
35553
35959
35849
35584
35584
35537
35818
35568
35600
35974
35584
35584
35739
35583
35552
35553
35584
35646
35599
35615
35630
35615
35630
35864
35755
35646
35662
35740
35646
35678
35755
35708
35693
36130
38174
35708
35724
35662
35755
35647
35725
35693
36161
35693
35802
35631
35786
35802
35709
35880
35818
35818
35803
35849
35755
35786
35834
35833
35849
35787
35802
35865
35802
35677
35880
35912
35678
35677
35817
35911
35739
35740
35756
36614
35725
35833
35802
35693
35709
36551
35677
35864
35739
35724
35880
35927
36364
35739
35802
36037
35818
35740
35755
35724
35849
35755
35834
35803
35787
35943
35786
35864
35771
35833
35880
35817
35895
35833
35833
35912
35881
35912
36005
35864
35880
35943
36161
35849
35942
36005
36052
35755
35693
36068
35943
35912
35989
35786
35849
35912
35834
35849
35771
35818
35943
35974
35943
36005
35943
35600
35725
35771
35896
35818
35803
35786
35630
35724
35661
35724
35708
36176
35989
35708
35724
35724
35756
35740
35833
60201
35803
35818
35786
35709
35787
36098
35958
35740
35942
35724
37893
35771
35818
35740
35802
35817
35911
35818
35756
35802
35864
35911
35755
35927
35896
35881
35786
39889
37721
35896
35834
35756
35958
37784
35989
35927
35880
35974
35880
36067
35942
35943
35927
35880
36020
35849
35600
60263
35771
35521
35677
36145
36052
36145
35787
36161
35693
35678
35693
35677
35756
35600
35678
35553
35584
35506
35584
35474
35537
35615
35646
35412
35397
35584
35584
35615
35615
35615
35583
35443
35724
35475
35459
35709
35491
35740
35553
35522
35552
35490
35459
35647
35334
35319
35490
35786
35225
35459
35319
35240
35272
35288
35911
35256
35396
35615
35459
35428
35381
35412
35599
35444
35474
35428
35412
35568
35459
35490
35725
35522
35599
35397
35397
35568
35630
35396
35583
35459
35615
35974
35366
37799
35413
35630
35474
35474
35490
35553
35427
35427
35584
35428
35413
35709
35443
35568
35584
35443
35459
35443
35397
35522
35568
35490
35459
35381
35334
35381
35459
35365
35506
35443
35397
35600
35397
35615
35615
35443
35475
35397
35568
35444
35474
35709
35459
35288
35600
35443
35646
35553
35381
35319
35475
35568
35334
35553
35490
35568
35365
35256
35443
35303
35413
35584
35272
35490
35443
35490
35334
35381
35443
35443
35272
35553
35475
35537
35366
35428
35256
35319
35521
35428
35475
35569
35412
35428
35459
35318
35303
35256
35397
35475
35522
35256
35303
35365
35240
35459
35350
35491
35288
35303
35334
35474
35459
35397
35522
37753
35428
35693
35740
35350
35350
35568
35709
35677
35444
35444
35553
35413
35490
35444
35521
35646
35553
35584
35584
35537
35413
35459
35740
35615
35444
35709
35459
35677
35459
35615
35521
35677
35646
35677
35474
35475
35708
35350
35880
35631
35568
35131
35615
35287
35755
35849
35521
35210
35443
35256
35911
35787
35725
35443
35615
35396
35396
35147
35162
35459
35756
35443
36114
34929
35474
35053
35443
34991
34991
34960
35257
37643
35521
35366
35849
35334
35303
35053
35069
34944
35053
34929
35054
34898
34866
35287
34944
34991
37503
35069
34976
35303
35131
37596
35054
35085
35038
35443
35006
34866
35007
34929
34882
34835
34820
34820
35038
35115
34897
34897
35022
34882
35444
35319
34928
35116
34960
34882
34882
35069
35085
35210
35178
35240
35116
35147
34773
35739
35006
34772
35022
34960
34945
34633
34867
34898
34975
34913
34913
35038
34555
37472
34882
34804
34757
34726
34757
35568
34585
35163
34585
34632
34772
34508
34617
34616
34913
34710
34507
34944
34570
34538
34835
34757
34523
34601
34461
34492
35147
34445
34695
34726
34726
34476
34289
34429
34601
34804
34632
34695
34585
34554
34539
34570
34507
34585
34710
34710
34632
34461
34632
37612
34476
34133
34491
39562
34601
34055
34148
34117
34523
34305
34071
34071
34149
34149
34804
34117
34101
38267
34164
34118
34149
35147
42292
34850
34367
34414
34180
34149
35959
34165
34164
34133
34226
34086
33509
33727
33587
32667
36848
76472
96564
97017
97235
97095
95333
